1000 10000
209 270
544 867
88 160
306 424
29 469
118 919
50 659
298 470
457 597
395 702
217 806
159 914
332 416
49 746
900 971
880 952
175 379
215 322
183 284
431 552
201 321
218 655
757 868
441 888
46 249
244 564
555 887
386 960
648 953
172 677
213 545
868 1000
55 465
327 625
293 877
85 613
519 834
182 694
227 607
110 294
450 860
309 628
124 984
135 202
382 406
791 842
825 910
425 609
187 786
164 663
191 375
452 605
442 819
155 593
62 958
301 386
256 925
721 882
70 188
177 958
126 901
133 220
167 586
39 456
546 636
321 896
830 851
161 592
639 736
208 950
126 592
342 793
676 772
271 681
330 628
132 329
242 333
307 976
707 912
5 945
332 960
139 902
104 176
845 884
150 851
173 771
117 638
475 604
831 869
196 743
24 559
757 827
184 617
44 658
9 144
66 613
387 961
887 912
82 207
121 871
48 825
220 704
313 622
891 981
625 843
40 813
125 520
9 545
183 378
655 970
531 882
662 676
644 843
844 941
364 453
79 338
13 514
569 922
374 709
938 986
686 687
218 565
426 821
126 143
275 311
440 988
201 844
589 850
230 969
135 378
30 549
294 417
402 595
175 816
285 901
126 162
224 609
263 358
135 840
479 910
36 789
516 534
193 246
762 978
275 800
759 967
49 178
293 343
507 582
249 513
122 721
415 669
579 991
682 990
388 808
15 913
175 807
471 893
627 766
477 813
829 969
411 489
121 742
378 656
831 935
258 770
353 519
53 430
399 652
341 860
589 703
461 466
182 849
94 437
411 415
559 566
618 642
279 613
19 859
376 550
708 926
977 992
1 375
273 773
394 492
389 570
294 530
779 893
192 479
201 853
233 505
26 588
497 979
399 405
224 313
260 746
576 991
849 975
333 425
265 411
324 849
216 698
685 947
645 729
162 288
332 519
234 286
79 115
517 548
96 968
289 385
235 667
96 706
122 208
662 761
328 534
358 533
217 625
292 939
423 750
280 715
403 662
469 525
805 868
8 248
59 693
235 498
594 741
581 995
454 719
14 649
205 737
45 230
732 813
841 929
60 961
114 682
62 963
989 993
861 863
166 182
289 322
67 338
117 125
262 427
497 972
517 703
21 976
70 176
963 978
460 848
193 638
402 570
243 274
22 974
414 684
148 428
264 469
120 416
51 151
83 908
135 879
105 864
855 908
705 951
91 852
586 941
66 923
14 632
586 878
602 838
33 261
29 91
455 986
153 702
300 779
259 635
25 545
330 988
174 732
532 661
140 560
225 700
82 205
238 610
254 381
326 733
5 186
684 754
521 568
310 452
544 997
505 903
473 646
297 329
227 453
391 698
184 545
142 291
219 530
85 567
54 458
261 330
116 353
323 396
485 915
266 558
905 999
305 796
6 940
169 405
16 502
3 466
253 298
99 117
82 884
658 973
483 484
354 737
534 990
295 344
55 188
169 618
902 926
337 997
568 924
221 278
722 960
654 889
412 963
171 603
22 368
288 325
292 665
917 936
17 431
125 321
99 381
507 942
282 332
105 914
552 683
303 850
750 786
128 977
453 791
49 366
64 462
247 685
432 570
400 578
424 692
304 902
773 781
416 501
564 767
290 504
535 743
270 331
210 668
251 373
529 827
79 639
420 717
5 895
650 939
449 610
130 841
33 855
98 951
2 915
945 980
879 914
838 940
744 795
120 635
231 506
15 415
42 511
347 996
251 814
472 614
130 224
442 484
227 845
395 535
292 296
393 549
79 200
450 590
490 787
177 391
111 324
670 755
877 948
116 773
519 773
235 611
103 520
342 632
368 876
412 847
340 443
357 536
201 820
292 405
325 834
520 688
140 643
200 419
39 977
247 440
41 665
27 136
62 846
115 292
238 375
195 372
608 885
343 969
25 201
175 992
669 726
898 986
112 390
11 57
110 926
464 626
12 365
227 863
151 700
386 957
29 688
349 623
760 930
10 791
561 667
117 864
718 972
34 893
352 407
946 979
124 712
221 465
25 630
44 696
374 680
270 823
89 824
99 606
520 523
779 856
298 798
416 909
757 783
259 830
145 164
78 281
678 939
12 795
330 799
698 784
213 625
189 244
282 784
177 836
509 855
158 967
150 220
234 757
47 684
620 683
232 837
178 448
862 911
102 218
232 250
177 618
221 586
171 598
300 670
85 272
142 590
500 868
332 919
108 702
744 770
577 972
196 321
589 642
606 856
689 904
490 514
120 528
851 865
119 739
152 830
487 726
133 768
158 510
658 822
187 990
652 851
160 200
223 756
626 682
116 922
321 534
96 451
377 443
613 935
242 569
297 911
59 450
697 888
31 294
26 698
603 870
655 856
228 467
7 770
265 547
21 142
76 647
237 624
9 794
53 602
246 856
284 968
194 942
473 524
207 537
241 451
368 791
224 380
575 669
266 336
380 705
47 401
210 626
799 957
430 533
553 817
269 829
540 617
460 801
311 828
598 994
154 821
73 380
843 852
444 678
183 669
8 552
595 918
500 503
517 520
752 906
707 857
136 930
12 235
397 504
199 374
94 763
126 897
504 913
482 622
245 707
53 751
578 822
559 563
32 704
291 345
187 608
313 830
9 802
24 600
538 843
360 482
182 839
728 887
341 418
505 690
139 593
172 352
361 373
491 753
41 451
142 314
413 537
34 651
10 224
158 607
241 690
104 927
140 663
702 787
732 963
241 378
7 881
500 925
803 917
39 808
858 896
164 170
186 959
948 968
41 653
623 648
176 571
75 679
535 682
383 489
681 974
526 617
739 856
286 325
134 379
495 628
283 482
690 774
325 750
296 421
731 823
820 913
453 762
719 761
652 714
202 470
40 309
389 395
58 852
20 309
454 852
583 614
187 317
524 537
334 816
8 276
392 786
649 790
338 649
77 414
290 512
265 855
413 769
84 664
437 448
691 697
692 739
685 847
323 668
258 646
228 962
271 974
78 971
598 739
64 470
512 905
106 775
106 550
218 488
24 397
128 233
579 945
642 877
169 932
364 951
244 734
266 459
798 931
20 270
505 922
55 580
317 779
772 996
290 364
447 597
392 890
225 705
183 618
316 340
756 767
303 924
425 486
74 865
224 809
298 650
963 997
673 839
252 932
105 774
8 42
284 620
90 133
596 946
48 151
113 897
87 741
308 404
429 639
624 894
159 449
244 950
451 712
582 757
57 683
102 707
136 241
491 677
362 436
174 783
3 502
144 145
341 588
230 874
231 590
807 914
706 978
230 690
620 933
197 463
187 763
639 908
348 688
300 372
252 697
423 612
262 983
188 349
718 727
67 711
105 542
113 275
158 905
678 943
521 771
227 251
46 796
506 837
647 744
236 266
561 616
379 473
435 834
208 487
11 337
46 379
185 341
424 629
122 777
724 860
506 612
343 454
313 330
182 455
564 862
453 691
481 510
143 857
21 173
409 539
67 123
831 966
364 810
238 629
369 648
204 579
332 691
242 353
619 976
85 535
599 949
419 550
526 943
308 338
17 963
314 920
189 856
53 229
104 953
345 859
13 798
782 986
10 425
155 838
9 31
436 781
883 893
496 831
435 757
510 705
67 898
562 974
269 337
476 525
802 813
34 499
47 295
303 778
286 894
767 780
232 481
182 254
374 436
714 902
355 395
209 918
257 764
727 733
276 996
212 533
123 257
126 329
33 701
594 681
308 661
41 986
134 877
129 418
337 504
736 974
988 999
443 517
489 833
105 371
235 399
247 817
142 862
127 816
769 976
504 822
711 907
1 740
572 892
139 184
4 871
226 369
393 847
100 373
30 640
56 291
164 660
11 723
189 977
203 975
621 753
365 744
94 710
55 493
596 887
274 323
521 543
345 450
675 820
130 456
518 991
169 203
430 794
16 915
151 853
197 894
307 470
734 765
255 746
36 223
98 824
98 669
272 403
573 849
210 296
141 312
416 680
231 918
8 845
485 672
524 940
642 833
182 918
440 506
463 650
686 739
83 119
114 702
273 763
27 180
263 803
128 688
48 668
69 130
3 68
55 260
284 576
310 458
18 410
738 902
362 512
118 232
614 685
547 813
522 963
797 875
541 698
86 496
205 608
558 856
681 793
74 157
232 704
806 909
337 673
619 651
631 681
469 567
36 73
185 352
295 666
312 321
168 626
364 927
415 528
171 197
454 501
75 663
343 591
272 435
563 641
84 473
443 863
416 990
442 593
103 685
195 588
277 779
199 983
5 6
8 559
900 956
362 907
242 601
440 566
80 663
151 935
329 615
371 632
193 586
382 481
55 671
645 693
725 932
249 604
143 213
824 999
640 667
231 525
320 553
187 931
776 931
246 329
513 562
190 205
62 90
444 691
447 665
181 735
25 809
76 785
40 458
523 867
489 867
295 496
264 866
388 802
304 506
491 854
122 964
365 657
47 875
36 110
272 847
9 49
296 878
271 343
470 639
56 416
375 567
138 238
95 584
336 637
440 614
760 925
396 539
320 942
394 960
32 349
368 593
236 446
110 784
233 448
720 733
434 987
705 887
59 180
167 455
85 174
618 748
145 325
508 666
434 471
186 574
802 954
448 655
348 682
244 827
77 387
437 479
19 694
227 908
365 446
181 847
578 806
321 576
450 635
48 584
691 978
509 776
243 603
176 447
816 995
597 646
841 956
405 966
282 419
45 840
439 609
3 189
4 773
782 921
71 321
197 211
157 853
50 490
533 949
366 419
139 734
734 767
7 413
15 479
33 964
375 535
199 634
663 994
77 433
540 816
465 482
537 626
327 854
73 294
55 83
133 147
3 815
41 799
389 693
102 855
686 735
170 902
346 518
349 801
142 787
459 822
420 696
156 182
320 678
256 319
659 663
548 747
56 392
678 758
581 750
91 385
128 219
709 960
545 713
216 828
456 706
297 817
90 159
135 415
212 587
5 474
123 948
46 176
579 658
622 913
153 478
263 909
88 942
357 938
17 571
87 339
160 666
449 728
260 376
589 859
646 959
35 620
389 779
868 919
450 893
97 708
81 792
747 759
52 97
436 516
28 530
320 440
99 264
795 950
539 844
341 633
818 969
502 740
217 921
309 992
375 646
425 489
857 942
301 474
894 916
496 814
431 630
153 917
92 891
627 709
609 836
26 441
419 663
110 472
517 617
200 690
220 631
413 528
15 442
120 151
185 991
43 392
511 786
309 994
21 716
153 416
578 603
492 612
17 774
111 256
143 226
402 770
376 731
849 895
80 529
367 733
474 702
338 965
380 583
681 960
240 925
267 561
436 946
573 980
425 674
258 305
93 989
31 465
53 861
754 927
154 794
251 841
12 315
529 865
448 742
550 598
31 310
134 834
321 587
48 611
264 808
319 727
486 542
555 825
303 312
385 646
226 890
126 883
97 268
8 967
70 606
187 949
112 894
329 937
82 802
654 899
956 991
35 498
756 829
593 947
4 669
795 803
4 403
514 602
8 168
454 843
337 772
548 812
780 936
51 550
385 977
75 376
205 877
199 272
766 821
655 857
463 981
2 863
61 290
391 567
586 924
9 490
820 911
21 229
318 743
623 927
718 832
144 359
417 423
363 811
52 622
226 432
155 580
5 905
86 268
505 679
324 695
263 914
154 586
122 246
157 676
693 794
54 605
414 940
937 999
26 30
320 911
460 640
629 815
218 672
186 431
444 902
55 563
19 882
269 276
209 842
677 745
216 608
401 416
157 267
464 648
275 860
442 547
950 982
354 381
614 975
502 923
623 818
21 950
18 992
44 674
182 645
430 660
100 853
886 967
426 991
835 863
139 658
58 713
594 728
8 788
258 452
140 346
283 789
283 919
475 487
626 750
60 156
602 963
125 540
228 295
333 338
460 605
47 460
155 426
158 181
431 450
521 838
655 753
468 818
322 532
816 933
532 693
114 578
668 697
294 657
383 451
629 719
510 525
481 837
1 960
72 928
94 921
241 436
387 980
225 465
654 748
116 539
132 996
473 623
260 347
408 842
5 616
83 977
275 540
160 816
96 618
657 948
33 853
32 903
184 238
187 251
15 591
59 403
331 641
410 828
379 934
90 204
303 712
56 91
396 482
432 983
132 572
568 928
593 703
371 554
9 390
465 989
578 631
102 193
249 791
148 242
348 924
255 906
247 335
533 950
274 728
379 678
224 985
146 927
232 922
481 923
374 993
91 402
350 911
674 890
581 860
727 890
550 900
37 499
17 409
247 379
2 582
6 923
132 360
174 409
380 839
725 831
16 463
90 195
613 639
106 515
254 700
83 483
404 919
374 998
429 722
614 818
790 838
37 474
63 725
204 696
556 618
268 474
4 99
59 380
199 242
202 793
20 581
81 538
248 961
558 939
357 870
713 728
572 757
341 711
125 745
87 507
119 547
143 493
185 983
38 95
269 355
530 808
811 968
604 711
63 333
6 577
244 255
39 989
461 949
153 706
254 380
2 382
496 609
466 659
48 219
53 625
40 457
68 759
903 918
132 351
425 767
170 615
85 915
283 807
648 755
68 327
216 587
51 712
67 307
472 557
692 869
180 211
125 248
370 780
89 426
196 995
129 717
2 927
86 491
438 783
377 815
188 362
420 485
199 314
28 349
285 724
102 712
68 925
196 539
97 474
57 656
12 52
122 155
148 288
129 831
54 116
71 651
389 452
746 999
143 419
41 738
5 178
361 384
171 955
10 158
288 931
226 440
79 798
579 862
340 508
344 471
248 889
397 988
124 455
544 666
444 717
471 829
469 951
333 968
38 146
396 914
422 613
586 721
630 725
751 997
36 342
452 820
562 770
448 848
206 482
37 893
526 749
761 911
420 642
578 579
617 929
82 450
787 966
3 419
855 938
135 958
168 591
235 240
7 250
147 829
752 915
351 965
912 951
414 927
70 530
551 955
10 799
553 585
389 963
666 752
273 778
245 770
358 843
151 919
624 758
791 978
44 474
205 372
394 878
498 967
99 954
117 593
399 414
75 242
795 864
381 882
67 299
143 644
9 555
9 327
320 658
249 735
181 793
142 425
583 719
268 413
32 178
614 969
939 952
240 530
274 831
107 128
356 642
546 920
114 200
254 739
282 585
163 494
564 940
61 136
531 941
482 869
186 325
238 249
646 838
160 768
519 710
500 501
159 807
143 889
503 766
587 963
454 487
42 735
48 332
140 907
151 526
664 938
58 411
149 346
22 372
174 933
111 589
390 459
58 507
240 937
36 733
364 908
262 449
379 539
256 470
126 192
191 830
304 719
4 316
784 922
324 748
81 441
443 776
594 900
5 260
254 324
225 346
63 430
139 352
287 404
60 132
319 711
58 296
799 953
565 737
80 943
150 885
503 822
303 825
64 288
698 885
10 739
260 467
202 932
738 906
679 970
183 307
6 81
76 746
469 536
809 906
240 690
642 843
411 856
903 962
159 371
586 972
219 316
76 842
45 137
378 784
3 686
386 464
475 788
117 973
87 794
651 666
124 231
716 717
65 705
196 994
585 869
254 632
559 744
725 919
209 906
249 810
138 306
216 457
353 986
836 901
42 536
487 954
351 602
485 678
478 912
639 956
162 358
60 986
499 994
215 476
480 748
494 577
3 534
261 736
450 708
691 931
33 898
732 992
335 507
100 946
8 789
61 933
204 904
577 730
22 539
275 757
900 963
16 988
362 382
167 397
489 543
429 546
22 247
174 288
74 260
520 884
717 793
251 265
663 695
425 658
577 648
193 960
76 723
336 890
319 675
604 739
104 931
184 843
522 745
504 957
310 924
308 433
643 785
387 642
189 278
407 904
51 196
182 988
435 557
443 894
397 707
238 405
202 862
233 810
485 881
296 799
96 129
218 638
430 999
554 638
542 905
123 206
78 722
747 926
309 600
238 569
530 791
470 860
503 706
154 605
275 322
6 41
557 919
41 323
395 794
651 916
478 818
482 856
761 817
74 190
240 421
171 637
336 994
306 682
475 530
14 860
506 676
399 604
236 487
86 831
251 832
754 759
222 422
177 452
647 799
710 779
491 612
218 470
206 221
288 891
427 646
602 774
295 955
111 351
412 662
71 934
576 852
60 102
369 947
513 892
138 277
507 812
563 600
570 798
5 111
316 899
349 744
291 839
690 863
9 589
419 432
190 318
421 496
29 46
224 923
322 339
457 489
72 676
417 939
37 938
203 881
183 389
406 979
637 672
148 565
164 971
489 503
48 890
236 679
38 472
360 596
427 776
588 931
225 374
117 716
346 743
421 444
314 788
36 230
343 576
137 327
481 927
404 415
410 646
307 746
22 80
725 753
119 943
95 435
356 409
162 240
151 377
408 703
432 774
76 795
722 808
463 955
382 571
500 620
66 962
444 938
38 78
317 403
5 226
273 687
7 947
584 796
637 953
499 599
392 419
89 687
41 511
200 996
568 882
218 335
653 894
359 584
171 247
54 150
295 350
391 891
69 969
531 836
151 497
565 694
417 463
744 817
138 280
150 552
237 601
215 659
454 512
286 776
408 727
443 688
803 826
638 647
134 714
339 751
381 925
652 938
483 688
196 534
128 711
151 915
275 493
616 706
636 969
536 1000
443 532
206 913
77 693
334 536
78 763
84 133
52 120
563 757
48 915
197 933
575 670
301 588
274 396
136 964
265 851
63 527
761 930
448 818
474 743
102 411
907 992
38 415
559 589
475 566
243 547
529 560
8 677
684 713
392 572
371 714
238 319
27 460
6 358
163 786
374 797
621 964
264 962
459 983
225 600
331 666
32 871
116 530
549 683
318 784
6 554
315 700
219 515
77 735
798 824
607 972
38 482
777 990
716 803
652 687
231 400
191 853
219 625
75 759
854 897
503 687
498 868
68 387
558 973
262 721
245 595
234 678
171 306
665 886
618 719
462 727
91 699
409 487
418 941
825 945
97 957
634 907
125 377
168 676
7 871
102 277
663 891
577 688
648 888
559 912
452 621
154 650
660 890
46 359
85 131
630 836
348 786
699 742
477 967
213 362
50 986
82 326
544 993
7 551
528 872
213 343
616 971
777 981
15 813
133 567
411 965
771 854
59 538
384 572
891 965
627 840
567 704
646 835
436 663
240 559
435 575
59 761
2 772
340 974
747 998
368 577
84 997
301 630
300 422
665 835
669 864
188 600
528 820
236 820
499 893
333 490
548 831
185 634
128 214
582 751
173 988
388 575
297 950
245 839
131 906
289 681
158 726
542 940
206 450
458 524
113 367
25 698
576 580
409 976
192 756
506 794
135 491
129 891
144 642
289 339
67 673
82 853
592 795
400 611
168 351
173 812
730 956
53 491
216 477
87 427
418 580
453 808
310 764
88 121
631 928
519 758
222 585
665 994
336 721
513 801
363 527
522 533
326 485
234 859
81 833
388 730
688 755
73 375
635 699
89 445
394 922
479 976
31 237
106 396
206 247
204 806
134 382
15 538
107 585
205 344
731 914
365 462
35 336
260 356
290 918
421 920
117 647
669 670
332 415
530 563
217 519
77 101
154 164
738 741
160 193
90 687
158 226
103 907
170 800
82 336
51 168
432 751
661 739
670 720
376 675
884 895
902 935
625 760
8 679
102 241
121 244
761 951
309 401
14 525
222 689
9 773
445 744
193 252
401 735
131 791
625 855
14 605
65 239
74 733
445 636
79 419
172 427
863 881
192 337
199 565
640 969
93 874
18 558
506 568
35 567
404 995
492 799
30 583
296 775
507 941
873 958
268 579
248 401
297 715
286 994
585 865
138 632
710 718
92 768
393 448
674 784
18 390
415 846
9 948
700 878
43 224
89 166
792 956
550 719
133 732
172 970
424 642
242 726
194 393
82 593
121 492
925 937
681 932
10 135
124 582
219 315
404 844
245 351
579 659
129 734
411 686
215 780
123 868
343 828
159 621
628 774
267 419
180 409
136 461
113 836
827 876
35 904
60 237
730 740
634 762
202 730
1 236
144 800
308 988
178 776
241 711
280 704
27 236
29 47
293 515
9 586
255 476
126 332
256 653
989 992
111 748
51 602
6 770
252 651
226 611
431 493
18 563
364 882
486 708
156 782
563 612
10 524
198 510
723 978
204 551
788 993
10 885
38 602
789 993
149 258
224 905
212 965
506 718
97 168
88 766
893 913
106 626
191 874
119 712
213 354
191 810
247 731
113 132
267 599
373 478
191 838
641 830
401 719
757 856
188 554
419 495
281 771
530 719
501 916
73 454
651 722
458 902
84 152
780 946
419 619
88 433
43 359
525 942
722 966
144 267
7 526
702 957
106 304
11 672
637 830
171 754
52 309
18 253
310 943
161 644
401 409
639 719
87 1000
8 314
325 518
298 510
232 662
14 297
10 369
84 869
87 772
678 990
368 837
30 842
611 631
142 222
121 274
421 760
521 769
78 436
736 971
256 752
546 741
631 635
106 984
419 527
93 157
18 266
449 643
248 251
182 350
36 443
19 155
123 346
573 857
352 635
487 506
121 921
373 449
505 756
218 709
297 746
216 588
893 949
340 840
817 821
875 949
310 819
393 517
285 593
428 775
161 243
424 645
106 401
83 426
638 698
628 772
35 208
688 967
158 796
294 317
816 835
201 313
146 500
104 179
94 382
612 853
422 501
229 791
100 375
80 831
312 973
447 945
321 423
304 783
911 954
296 865
125 348
305 317
70 989
472 938
721 753
245 840
219 444
63 717
177 249
906 933
468 565
63 941
390 609
4 563
198 430
363 428
52 794
388 963
541 691
7 213
276 497
262 281
79 652
224 647
374 543
433 598
582 769
652 889
729 996
573 604
215 639
674 710
34 751
135 954
380 434
473 580
236 296
488 565
604 890
272 805
479 770
160 230
361 943
198 374
17 907
771 936
437 589
70 655
347 704
109 313
654 891
533 759
221 528
16 833
704 907
484 636
254 570
488 678
378 407
53 878
157 269
480 486
940 951
197 525
861 910
191 412
39 780
67 778
42 727
411 697
367 704
564 963
767 908
101 428
683 743
464 866
642 861
354 378
353 488
255 923
307 990
266 723
800 983
704 868
121 141
643 875
405 688
425 470
190 687
139 478
297 496
393 828
471 801
294 789
470 965
248 691
608 635
314 587
339 944
731 869
96 318
677 844
273 708
627 772
576 646
54 301
347 757
445 662
238 651
665 682
640 682
753 802
193 669
340 466
614 933
348 433
249 949
291 586
845 938
302 970
285 454
280 586
75 973
110 948
467 799
366 416
210 664
161 412
66 97
752 950
119 333
168 743
343 510
243 998
686 933
218 354
315 937
111 238
41 271
776 852
49 983
437 526
666 907
255 345
132 596
274 950
502 517
236 459
455 966
266 629
732 987
101 575
430 880
560 763
69 533
220 545
228 543
299 476
440 626
314 777
95 359
402 653
9 514
498 563
556 699
273 913
637 850
184 539
434 929
770 891
9 291
299 993
392 406
399 693
783 784
375 547
58 378
250 838
13 130
570 627
393 853
782 900
489 972
168 343
288 397
642 687
246 614
677 721
58 972
61 229
242 442
14 16
288 456
479 571
298 626
161 233
741 886
210 376
201 864
192 388
29 63
212 386
619 892
238 298
9 246
323 527
14 508
67 145
853 894
26 792
431 707
376 471
487 867
236 243
711 857
122 822
10 968
42 228
623 764
634 820
105 228
153 708
671 892
241 515
494 654
69 277
469 760
431 959
298 633
567 987
7 816
161 602
101 418
650 799
465 762
756 965
238 365
491 605
555 827
68 285
311 627
278 428
490 828
929 986
389 631
219 715
119 959
405 903
273 350
42 610
302 465
227 341
50 760
72 127
335 948
348 451
145 945
5 580
135 268
300 443
578 854
148 335
558 814
496 897
659 854
306 740
440 979
18 831
910 944
285 751
87 426
134 946
452 872
399 782
132 179
179 879
15 226
4 257
457 961
124 656
9 675
778 903
205 336
610 821
45 905
416 476
240 610
47 210
423 980
229 964
184 246
286 368
234 285
72 207
126 468
161 714
219 289
1 647
182 985
59 760
650 700
291 415
51 68
350 543
70 895
190 288
397 742
679 727
151 542
8 320
629 760
161 736
13 860
806 918
649 937
609 736
384 856
163 567
426 875
11 658
457 483
141 228
301 369
60 949
645 914
279 296
76 569
939 960
636 931
277 478
605 786
495 749
458 866
758 873
28 865
348 743
9 751
242 452
10 913
161 812
293 517
553 892
179 427
311 731
513 748
107 606
55 97
61 86
3 890
527 608
72 414
427 940
530 843
214 560
309 427
217 712
363 708
226 677
215 408
267 285
376 728
121 539
109 990
174 332
88 785
927 933
388 441
98 426
238 794
587 787
114 752
410 906
202 775
148 392
701 768
625 655
111 261
8 809
843 970
93 148
543 948
608 997
610 693
166 592
122 418
53 652
444 579
578 888
295 907
38 217
154 498
59 368
17 638
119 549
86 297
744 846
779 876
308 968
617 785
207 446
43 889
35 458
12 146
257 367
188 959
740 954
167 771
153 871
436 674
9 724
264 846
274 834
628 685
167 732
300 892
46 675
74 551
106 701
404 812
212 452
4 368
418 987
120 584
21 73
382 829
218 750
839 927
344 581
403 519
584 998
428 817
478 536
391 494
448 654
91 954
455 642
201 515
113 803
877 994
527 601
122 183
254 742
866 895
46 440
281 533
288 341
703 760
387 765
445 989
334 750
462 540
247 591
116 506
121 765
109 652
344 587
193 835
705 920
72 616
908 912
275 535
565 893
260 562
53 373
128 683
200 351
321 376
184 512
346 644
310 391
57 118
552 920
452 772
47 576
385 807
96 461
355 362
317 708
560 571
5 292
579 871
323 729
92 370
525 607
295 298
213 539
190 424
355 794
160 182
280 606
169 546
293 809
13 706
511 629
369 944
143 337
62 516
644 916
366 694
444 965
223 887
252 727
3 611
50 79
316 382
607 848
6 481
610 674
58 688
330 417
360 427
745 822
47 833
514 893
460 999
180 484
75 635
27 125
701 848
89 944
144 304
782 983
426 627
159 198
465 487
7 726
157 773
341 867
652 810
664 682
901 934
5 209
31 598
114 456
597 852
179 359
545 857
611 774
91 253
692 826
225 534
290 561
347 715
119 805
140 273
8 693
330 474
71 596
34 998
103 363
168 174
34 713
77 339
461 996
199 495
363 395
467 489
406 585
83 871
180 784
144 658
78 548
185 892
31 667
10 21
91 721
5 578
668 736
505 959
158 899
313 831
81 124
538 694
593 999
211 833
23 882
613 725
418 748
96 301
409 633
620 694
118 495
468 651
486 712
4 215
561 992
32 580
213 332
99 616
118 457
459 604
99 685
54 239
527 701
133 817
106 643
437 662
205 292
580 603
251 279
415 834
44 144
361 796
255 357
2 659
455 513
119 314
520 524
202 953
72 298
80 443
781 856
48 171
638 948
239 887
12 550
1 474
281 879
71 420
366 636
250 920
349 825
537 662
323 624
195 932
517 869
492 547
519 572
70 127
162 937
109 779
543 852
214 892
315 860
822 977
10 670
817 868
725 924
557 736
182 317
548 696
790 981
8 536
665 709
336 610
249 831
403 993
823 879
411 482
531 697
342 430
46 941
198 401
44 327
393 579
253 504
356 701
55 318
111 720
470 481
228 617
236 254
130 818
537 851
434 624
765 873
576 843
405 658
370 613
387 577
460 988
224 947
352 662
475 507
155 600
72 656
673 816
734 842
600 982
151 658
461 538
73 511
206 362
551 674
120 406
483 936
128 726
324 802
346 711
258 384
141 459
843 936
365 907
127 730
289 844
150 166
96 636
172 983
413 626
536 873
427 834
203 299
710 961
876 967
577 654
107 343
64 448
257 420
631 909
449 926
476 974
347 437
596 616
585 746
207 684
547 586
160 622
190 622
186 750
634 716
544 690
366 967
348 689
218 932
344 600
556 599
224 953
282 994
61 249
27 766
321 683
10 35
236 946
715 924
298 556
828 938
62 972
202 728
237 702
874 906
31 121
649 723
158 503
677 838
456 834
222 702
241 555
482 635
488 742
511 568
365 947
142 380
48 86
692 744
410 542
418 740
459 789
534 737
76 685
335 708
594 994
78 238
41 453
135 938
35 241
357 499
789 996
719 821
436 938
209 284
399 663
492 575
134 682
733 815
207 511
441 587
29 540
546 707
3 568
546 861
156 725
8 545
542 761
212 966
411 992
253 525
524 958
201 345
119 925
716 852
410 578
545 700
554 910
481 835
529 709
369 902
26 213
484 735
138 560
269 700
55 743
675 981
110 286
46 772
334 932
170 550
527 945
378 722
597 745
103 529
73 673
65 366
761 974
736 795
296 564
365 654
54 809
150 841
444 544
32 489
736 749
189 532
619 765
269 374
559 862
394 714
34 790
359 675
51 941
177 916
539 822
109 812
778 877
922 975
161 549
298 883
20 49
559 696
62 875
647 708
983 984
919 985
980 990
431 829
724 773
127 388
737 931
512 826
303 831
449 721
580 948
94 124
522 627
233 946
8 513
170 353
529 620
253 895
394 539
649 974
292 557
238 956
572 595
258 535
77 342
606 997
443 653
97 930
409 596
324 730
545 893
215 671
319 864
545 693
31 179
102 751
15 787
34 220
788 861
150 618
290 367
302 558
99 753
973 999
724 939
340 342
22 570
249 400
107 850
231 688
171 529
127 394
338 550
628 897
238 682
253 580
459 537
56 643
389 480
198 918
409 971
80 324
490 962
718 922
765 986
317 604
59 568
840 877
183 513
555 934
876 927
337 654
172 826
91 290
336 964
831 984
486 816
185 721
230 627
275 912
277 762
260 666
463 643
20 227
24 779
631 715
279 525
504 705
832 893
599 641
605 828
198 543
905 990
174 757
150 467
425 892
613 923
64 871
211 742
709 956
728 791
201 977
276 687
837 937
145 216
519 600
766 783
411 664
54 160
44 425
112 747
353 414
146 754
413 989
195 912
174 726
307 594
341 429
558 758
120 293
228 665
407 837
353 355
67 213
452 570
360 848
550 826
154 211
257 663
92 454
105 601
209 389
146 435
429 731
41 891
320 694
253 786
13 642
148 817
151 657
605 652
283 396
362 668
609 956
73 908
764 996
681 784
417 675
300 534
455 599
382 559
406 415
43 966
738 823
525 803
535 591
309 394
167 408
34 581
455 600
113 849
953 954
563 922
281 732
427 746
667 963
504 556
609 619
407 615
14 692
65 699
287 751
302 549
260 301
37 689
411 668
223 612
827 926
24 175
399 671
230 324
224 333
10 71
119 770
181 235
312 423
490 987
354 949
589 730
322 533
155 563
528 890
320 762
49 353
140 714
760 802
872 940
7 667
541 606
393 819
21 456
407 429
621 804
155 962
51 597
732 936
428 531
122 261
393 978
260 382
368 377
522 670
610 939
382 649
926 997
93 218
75 441
485 843
509 755
459 987
149 192
23 208
283 336
326 571
642 815
278 626
284 861
620 733
120 595
5 753
117 876
966 973
415 458
39 925
155 373
286 301
488 970
444 650
468 763
207 238
74 586
174 222
74 152
899 944
424 445
638 865
682 995
325 762
371 517
415 871
135 883
377 632
249 459
272 832
82 552
21 328
436 666
211 757
677 823
694 899
217 781
60 622
692 923
528 773
727 916
724 730
144 316
420 851
379 649
869 908
517 905
506 720
17 394
401 831
278 975
248 313
300 904
58 348
850 898
609 861
520 647
122 928
264 975
750 997
247 608
193 716
851 995
59 649
265 482
373 891
11 179
607 893
263 499
416 845
198 534
60 252
354 723
386 400
302 467
735 858
187 531
151 691
238 619
54 530
411 963
393 644
320 842
679 762
493 630
304 564
494 782
132 175
277 984
746 994
96 925
403 718
9 754
675 739
507 969
277 449
125 955
301 606
29 97
241 875
89 768
233 755
321 816
283 689
517 957
26 699
78 313
54 991
32 942
343 406
761 844
258 973
105 697
279 944
192 491
757 894
479 899
47 108
98 738
109 914
509 989
53 438
612 809
528 559
480 887
188 539
136 664
810 981
614 732
22 114
63 607
504 801
99 156
417 878
835 925
784 980
255 564
63 643
544 857
298 889
240 808
485 874
792 927
197 374
114 957
19 404
161 402
763 807
626 796
114 655
658 922
383 774
26 309
270 278
223 616
303 313
321 998
214 844
112 462
219 833
82 954
183 561
650 711
190 902
910 954
355 572
16 504
249 998
457 661
579 894
432 590
626 998
335 783
205 427
114 673
298 307
228 631
130 845
97 201
142 722
264 409
553 592
381 430
129 624
143 899
6 819
504 755
558 881
66 700
811 894
732 792
154 974
161 893
321 682
391 431
11 719
63 899
416 898
101 528
337 695
115 168
637 641
239 669
524 550
822 854
396 712
7 135
54 963
377 540
103 911
53 329
555 858
929 950
469 771
22 559
921 1000
480 794
549 775
551 914
360 674
289 684
265 949
646 713
310 688
482 959
126 880
326 436
618 709
391 528
486 852
77 535
605 704
186 691
164 902
194 655
167 428
425 854
202 350
232 905
152 743
335 681
302 528
43 128
331 811
123 456
65 632
152 263
446 716
413 629
566 786
9 125
657 922
147 406
669 927
230 316
487 763
626 793
778 916
178 656
285 688
239 427
273 657
34 269
507 824
523 653
236 379
32 473
253 586
528 915
109 669
262 874
35 641
259 970
320 963
197 230
235 711
223 917
395 572
601 769
26 930
255 826
622 700
423 875
258 976
280 450
38 190
98 850
188 917
507 963
300 873
339 566
93 802
466 641
390 854
743 872
117 711
528 529
480 712
222 867
156 730
424 897
613 726
197 997
62 549
218 508
254 458
317 980
306 400
39 714
209 889
165 554
137 424
812 820
824 957
456 731
255 992
22 258
387 463
537 955
317 444
635 890
193 658
461 962
353 770
461 888
211 664
554 832
283 956
600 722
104 170
524 803
299 568
530 811
629 733
390 559
88 148
167 198
675 892
237 716
213 894
430 798
471 527
206 246
817 931
442 831
37 662
76 407
268 830
245 331
737 936
942 978
161 696
7 299
458 906
376 671
262 973
572 823
233 652
758 950
414 771
188 719
258 304
86 824
62 501
170 525
311 764
10 687
380 550
238 930
250 519
480 554
81 698
82 417
50 814
63 671
351 569
4 842
144 575
22 330
183 380
737 922
20 611
201 351
432 620
278 828
829 880
69 526
161 532
214 740
561 892
3 271
262 992
138 234
60 769
169 304
163 850
209 983
180 860
707 921
546 858
292 343
403 663
437 458
412 656
275 597
320 621
124 621
211 361
320 608
688 865
253 522
271 572
24 499
555 730
651 885
311 761
523 810
494 886
332 866
665 816
330 986
297 696
40 81
322 868
197 736
216 635
600 649
480 711
2 268
284 813
310 502
112 160
631 847
753 784
366 423
186 988
276 890
339 614
465 937
7 439
345 467
666 945
280 466
194 747
444 563
48 313
375 428
104 369
596 663
85 670
43 725
218 499
226 961
84 609
418 915
506 813
326 539
294 557
283 498
904 917
473 488
492 738
743 937
356 883
435 693
316 388
722 937
82 429
584 957
207 405
89 441
68 616
139 940
215 633
114 508
437 537
276 775
579 790
651 968
23 934
469 962
805 935
87 965
62 509
620 921
585 885
647 725
70 485
32 552
48 937
65 501
535 790
594 935
30 861
206 567
134 479
178 480
159 399
229 794
660 667
223 383
168 942
8 342
412 694
242 414
122 761
36 468
395 621
536 906
772 921
434 463
295 896
700 913
607 732
386 482
293 396
230 601
123 865
395 534
271 915
178 930
287 859
880 960
673 872
330 542
197 568
74 779
374 452
213 387
152 943
287 692
299 704
177 665
128 777
677 825
497 675
271 635
814 828
59 455
136 584
706 736
544 992
286 396
335 359
207 836
58 356
29 338
301 646
39 515
240 998
464 985
70 71
707 887
451 850
510 813
105 452
538 831
687 839
559 733
683 873
711 793
16 64
231 437
128 345
146 180
19 504
470 547
488 543
470 655
590 891
474 921
709 795
199 550
113 641
109 526
267 587
30 161
141 444
836 869
635 712
237 566
238 900
984 987
2 637
61 773
510 679
314 812
398 974
222 990
35 551
320 720
23 541
51 175
433 813
9 250
52 527
466 976
271 775
345 912
468 846
17 969
160 952
204 461
220 775
129 508
345 766
358 386
16 806
341 677
160 359
680 991
868 874
464 817
393 591
24 850
340 640
64 975
170 293
107 521
136 299
58 241
274 629
162 451
760 910
79 465
172 330
22 631
634 764
304 582
379 614
173 971
328 994
402 530
436 736
429 589
380 891
881 924
140 849
406 791
330 883
156 555
151 449
144 787
977 999
699 792
25 73
162 470
517 791
199 405
292 787
10 426
107 664
829 997
25 795
75 966
620 628
49 998
99 443
472 714
376 871
318 670
2 305
84 102
699 977
98 530
591 821
311 844
90 676
48 539
693 820
263 416
59 294
97 574
263 614
58 980
584 634
296 601
75 237
362 905
364 431
401 997
191 760
549 861
192 237
222 646
757 904
106 998
286 706
628 852
413 755
52 537
67 924
83 959
1 283
20 682
191 487
48 251
162 854
134 628
715 759
108 386
457 935
16 948
63 188
676 857
651 658
770 821
2 939
7 924
322 690
478 508
223 542
383 498
138 855
276 352
7 382
738 808
9 408
295 678
545 747
33 629
370 812
413 950
119 680
365 513
448 506
165 237
442 695
476 959
330 739
188 699
733 943
898 908
208 480
25 928
660 917
870 913
480 880
9 358
488 514
348 536
277 694
69 678
385 744
484 824
374 513
396 398
421 901
9 237
71 866
101 534
569 776
275 288
608 977
521 983
36 221
149 298
37 746
287 527
484 777
198 719
589 886
419 828
192 302
748 852
255 932
123 686
716 939
697 837
860 954
414 855
702 814
264 394
309 959
144 292
101 518
631 700
684 913
359 909
378 978
521 785
303 579
244 347
848 969
48 892
105 523
24 348
205 953
9 930
146 829
53 175
200 969
53 159
291 919
252 372
522 808
431 672
426 504
242 313
355 849
215 848
42 262
122 575
601 942
186 666
289 828
516 645
106 749
67 195
45 934
569 589
393 994
369 687
840 952
375 565
448 713
694 706
218 835
549 801
700 742
221 444
393 842
239 392
289 545
629 840
254 490
962 1000
321 461
608 645
241 367
620 801
123 262
127 544
573 665
557 931
348 416
23 764
165 833
525 842
91 590
220 347
177 295
321 509
476 836
161 814
77 396
81 119
107 591
145 793
777 876
606 977
418 692
173 446
611 633
666 723
93 970
158 832
664 688
258 641
71 835
22 718
20 82
52 144
152 509
619 975
689 998
618 841
684 842
109 926
201 990
3 754
182 472
437 933
191 491
3 565
464 735
287 875
111 641
407 547
289 512
673 700
288 691
666 690
758 806
189 196
527 818
62 196
204 274
223 926
164 854
126 495
252 292
187 774
185 465
470 979
103 136
128 308
168 412
49 77
94 299
425 429
684 949
299 502
44 475
131 979
162 334
10 454
272 860
128 663
94 675
809 983
633 818
427 662
9 205
560 881
496 632
201 758
416 631
605 906
287 586
799 819
41 446
736 888
163 280
235 574
215 537
288 309
217 400
443 878
357 447
340 551
199 835
117 477
559 604
93 643
268 953
594 782
839 990
424 590
38 714
663 787
393 748
754 765
158 867
115 764
279 342
19 372
170 937
72 305
379 634
555 950
50 670
446 889
483 717
223 284
601 804
611 965
664 780
121 531
321 712
109 891
310 787
392 845
242 872
181 636
561 729
386 918
86 472
304 410
158 777
830 921
226 871
413 885
403 943
445 761
372 717
64 398
267 337
3 579
140 864
39 462
470 585
199 288
295 402
97 835
283 733
190 289
517 835
208 783
344 633
167 490
171 500
48 550
746 910
273 515
81 712
276 944
49 66
175 521
903 923
61 799
12 606
65 484
298 705
423 740
330 331
58 703
541 993
6 795
512 912
26 226
576 983
114 390
73 816
29 335
69 183
200 613
225 469
681 921
482 962
454 473
108 547
528 860
313 555
643 837
133 729
437 507
42 764
39 290
485 631
37 830
729 854
508 590
104 925
248 298
242 270
280 372
151 742
770 935
288 421
21 580
481 748
24 264
137 637
371 799
53 294
217 604
809 950
125 633
155 240
3 190
745 831
118 684
4 552
267 637
585 710
99 538
651 740
699 815
936 965
191 977
466 955
721 999
53 875
405 675
46 572
141 174
66 203
205 871
758 775
382 949
74 732
427 818
224 811
224 340
149 907
293 545
305 607
128 793
484 601
318 665
424 852
227 406
506 877
374 647
366 399
174 487
547 988
276 477
121 308
543 754
333 355
757 973
257 280
220 349
176 457
319 658
410 456
256 768
398 626
362 518
551 596
530 896
947 984
103 986
93 191
148 364
244 845
243 260
132 504
676 864
800 957
406 950
162 268
467 940
137 803
674 778
17 576
535 691
53 336
913 942
168 917
414 553
423 798
505 612
24 487
886 944
12 894
246 620
248 250
418 612
507 683
812 823
91 759
504 771
84 445
194 308
511 516
177 434
299 708
216 856
115 888
271 770
217 758
303 339
713 968
402 457
73 638
438 842
242 668
130 356
431 998
270 422
681 710
40 195
118 204
433 488
33 438
851 877
56 861
123 729
208 479
367 550
103 703
326 616
196 338
46 154
390 804
608 719
232 782
71 472
356 905
389 826
371 835
832 991
644 795
309 650
192 796
7 569
109 951
297 637
137 835
381 480
831 916
663 838
446 764
727 883
162 803
286 853
689 810
230 429
261 957
149 522
489 542
408 548
576 837
47 396
273 438
257 873
426 653
379 652
355 825
138 151
129 497
720 876
121 903
609 814
254 955
348 516
626 860
215 597
41 534
611 808
971 991
536 661
271 771
445 903
461 990
516 900
710 736
378 734
693 701
206 917
385 606
403 872
502 812
253 592
271 442
119 235
386 723
72 415
596 642
110 272
221 878
565 595
67 260
197 223
220 430
167 431
418 932
135 408
442 683
275 836
591 858
441 825
10 134
164 866
59 153
822 881
553 883
512 893
172 960
458 542
69 75
747 760
194 311
659 689
211 708
572 859
599 865
8 77
442 523
232 281
755 782
569 983
782 957
554 960
88 953
190 568
600 779
339 880
180 792
313 899
19 825
84 493
774 899
161 805
103 467
548 634
950 968
927 940
335 553
171 530
453 573
240 704
133 616
534 834
20 564
199 798
184 342
651 745
47 751
11 507
156 517
515 736
344 450
835 956
163 808
487 974
173 899
73 122
164 425
211 567
226 681
37 84
146 707
43 301
52 374
269 401
651 789
51 64
102 502
89 192
232 589
389 697
178 753
415 585
74 957
202 679
8 699
276 729
129 579
55 825
123 421
141 327
641 912
551 980
125 616
90 187
145 987
154 375
22 617
165 843
222 245
254 779
209 474
420 877
312 576
275 474
628 910
72 290
345 947
28 558
20 910
861 913
235 575
203 228
207 967
334 972
477 700
62 906
17 182
5 721
121 618
932 954
448 485
589 994
546 910
419 491
486 524
33 41
765 935
529 731
204 538
37 486
787 869
274 683
486 591
114 446
768 827
182 658
195 662
135 324
61 900
65 249
812 896
316 939
285 380
185 961
46 460
771 779
263 424
619 650
214 271
236 762
613 626
39 454
861 978
211 731
488 490
467 847
91 883
236 431
121 847
148 202
284 717
96 413
495 943
119 136
223 623
242 468
331 947
280 390
430 874
228 967
372 531
400 726
748 839
583 865
844 871
509 739
524 851
87 168
378 834
665 863
172 865
104 449
808 927
161 414
168 401
453 595
6 462
279 961
60 558
128 163
284 398
370 610
80 755
124 360
336 438
329 446
414 580
605 989
15 830
183 219
133 945
396 469
456 956
714 854
103 199
434 935
1 351
453 827
351 507
12 674
359 533
672 845
783 872
331 450
99 540
140 510
135 947
739 812
275 343
52 725
689 845
799 920
250 548
29 589
101 581
929 979
372 692
353 437
347 398
205 991
404 1000
577 806
56 232
194 364
274 678
9 824
513 681
78 625
392 955
188 836
91 325
117 243
816 974
65 719
521 824
664 859
61 957
506 732
574 986
179 420
621 938
473 701
155 219
14 436
302 359
111 626
505 942
61 310
541 976
180 986
283 480
248 930
657 753
118 404
306 325
197 606
79 475
152 321
296 602
533 552
384 682
232 665
513 978
176 328
145 647
296 730
110 435
217 780
140 605
509 937
463 852
612 971
114 649
480 857
648 1000
477 702
428 484
393 821
350 394
103 751
446 628
32 291
392 476
348 772
9 42
654 839
419 990
88 227
84 416
684 768
436 670
531 854
169 999
236 301
592 739
171 253
716 795
21 271
451 600
94 808
552 810
75 311
512 915
7 803
373 480
208 398
274 1000
151 383
487 741
26 144
274 976
245 494
58 266
595 910
488 573
627 782
468 499
70 93
511 882
648 875
17 758
254 354
219 648
39 870
623 680
119 408
4 737
300 914
142 460
575 762
240 878
548 766
449 499
97 797
324 616
165 398
157 961
8 826
352 737
14 75
34 178
7 288
262 782
700 839
386 551
102 338
521 873
37 668
31 40
316 544
772 941
48 325
459 848
187 198
89 243
163 299
160 619
158 287
562 899
158 458
56 983
810 960
44 727
321 394
656 897
201 855
600 715
90 553
211 710
80 615
104 887
93 149
754 770
411 421
44 756
161 387
351 467
360 490
205 425
398 636
619 709
25 549
268 281
338 887
62 648
204 234
363 447
234 928
413 541
70 913
456 526
291 774
51 759
309 813
18 671
466 496
659 941
374 891
661 933
925 941
511 956
42 971
89 948
248 502
271 531
138 300
267 602
530 932
351 846
587 711
78 884
248 264
650 932
378 668
479 795
946 982
851 887
28 973
75 686
204 672
101 146
609 910
630 814
12 357
53 865
393 822
487 791
471 912
128 922
385 909
466 733
485 513
250 898
660 994
686 776
399 849
645 759
202 961
237 969
260 923
728 799
164 950
383 768
320 511
707 735
193 288
144 993
388 635
71 541
233 649
475 832
180 269
909 999
358 591
43 55
586 680
781 953
575 671
328 901
101 899
92 304
142 519
416 993
191 737
77 732
337 844
873 950
505 770
415 521
71 122
756 995
174 220
250 361
337 534
617 798
43 740
401 600
63 213
460 992
528 639
143 733
247 871
596 720
902 945
504 684
715 892
574 906
251 984
488 809
205 440
203 663
405 585
392 718
12 791
903 926
301 721
174 680
460 601
144 214
840 875
604 846
755 865
158 710
152 249
293 626
650 720
50 541
645 740
482 597
321 760
409 732
3 692
457 826
117 955
2 496
265 342
73 175
321 734
393 727
376 694
693 848
933 973
138 278
146 149
10 529
857 962
303 596
36 446
441 840
302 918
23 211
143 162
1 304
35 565
150 664
440 565
433 893
209 549
337 402
232 653
704 843
762 891
73 307
382 508
86 480
625 903
564 633
19 254
225 256
252 986
406 502
19 749
249 994
397 423
21 60
100 244
380 618
332 646
139 704
7 161
8 966
18 931
164 353
307 449
596 952
170 548
751 943
304 837
438 758
292 294
416 689
182 304
92 333
551 634
435 687
37 348
415 656
286 701
56 305
541 629
421 450
504 849
583 812
592 868
219 598
634 699
506 656
488 903
80 363
7 886
298 947
116 941
534 814
561 860
273 578
196 673
614 888
232 271
638 684
318 920
400 810
141 159
366 862
328 472
30 670
151 534
383 697
258 803
294 934
477 872
128 165
87 515
114 364
550 862
483 764
186 560
224 292
285 518
38 996
329 500
294 985
354 486
294 586
9 986
64 301
457 902
207 835
838 844
3 19
836 867
130 369
284 923
125 523
600 854
18 639
13 796
615 883
412 706
276 322
196 837
59 618
256 753
136 386
180 947
131 339
877 950
421 656
209 581
274 884
489 884
722 853
460 711
28 487
82 825
265 718
93 672
629 805
588 945
659 926
462 466
320 491
65 954
5 471
521 760
452 592
814 989
548 909
154 964
383 948
838 841
398 960
270 696
259 456
669 743
547 645
447 606
375 427
265 336
35 244
42 538
737 975
474 890
310 372
1 985
654 922
867 917
677 758
493 677
567 945
302 815
260 848
43 346
208 458
215 454
617 831
558 748
193 739
215 232
46 396
454 566
217 594
477 877
88 807
596 633
194 768
449 535
8 968
796 985
81 421
182 822
524 816
574 998
28 390
161 973
320 787
424 672
6 944
87 861
1 612
335 971
434 489
182 252
401 691
26 666
464 712
289 672
359 573
547 579
376 506
432 796
122 836
938 962
72 121
68 422
591 733
284 815
583 821
50 127
94 941
465 881
84 443
440 613
317 412
771 814
467 654
36 601
380 669
478 779
826 870
509 902
10 396
407 940
3 752
417 583
247 706
318 610
664 829
11 596
32 469
291 664
247 277
13 217
288 864
344 481
81 522
4 926
541 949
465 982
666 711
823 889
244 562
25 297
218 628
801 881
8 482
596 890
514 821
376 833
340 752
270 721
53 846
354 957
60 377
726 873
844 993
153 257
102 465
630 716
19 48
890 999
200 729
271 362
7 157
357 631
520 959
684 951
404 934
336 952
379 827
144 515
141 511
22 242
172 924
408 692
486 861
170 259
283 925
125 213
412 610
535 752
452 851
286 839
52 223
328 828
78 202
39 528
339 829
38 925
427 928
367 584
32 716
515 900
8 805
562 871
195 368
344 752
460 879
480 673
629 734
177 918
934 952
64 678
51 331
170 387
297 958
593 646
196 733
476 821
34 957
491 596
130 534
517 737
810 914
39 495
25 382
58 791
660 944
377 509
99 213
334 809
762 866
134 495
176 969
493 847
30 83
229 837
24 139
293 389
637 789
401 890
578 813
631 788
292 516
717 890
695 955
273 792
284 833
921 954
267 867
333 335
485 537
251 585
28 315
246 874
303 729
53 397
325 547
69 254
256 969
481 755
442 605
219 825
465 481
493 717
634 958
296 561
656 796
703 957
399 488
500 635
156 388
336 371
378 908
536 795
112 921
137 176
540 891
451 881
133 507
876 887
882 933
466 940
241 380
21 170
654 658
426 694
647 884
241 705
555 871
29 115
665 675
119 774
256 310
184 737
452 810
171 282
597 824
353 712
792 957
347 972
182 768
131 216
633 861
432 771
512 628
40 113
421 649
154 407
526 848
405 480
145 317
512 605
48 921
241 963
318 788
837 921
49 270
75 524
224 461
392 505
105 918
9 887
617 764
404 576
195 668
331 988
443 540
722 733
636 690
213 265
123 301
738 781
386 734
49 600
374 958
216 278
90 762
148 176
7 841
435 595
410 521
424 997
253 672
495 770
583 787
846 888
469 942
717 998
62 733
611 806
154 358
27 362
368 429
639 865
449 775
779 901
82 181
62 248
373 923
12 479
292 546
596 753
785 996
618 933
421 904
161 716
832 883
596 645
165 371
208 756
305 668
783 877
21 648
445 631
450 925
635 897
227 232
78 610
308 499
137 439
482 623
320 547
167 997
182 905
230 637
486 911
8 730
339 479
619 754
386 557
175 502
44 973
102 317
147 970
756 790
622 889
165 313
703 955
243 872
370 928
9 915
432 608
157 988
544 878
53 258
886 975
416 840
295 841
639 894
705 733
507 944
369 398
258 966
549 961
739 815
360 458
317 459
770 913
661 969
63 287
165 990
108 665
110 359
122 713
111 938
654 934
575 797
301 790
312 427
132 700
610 838
325 444
414 759
72 195
185 811
287 860
623 829
479 522
479 524
478 847
209 726
116 867
32 379
335 467
8 603
478 568
654 701
153 255
231 312
516 580
71 152
462 764
824 872
189 804
753 901
704 706
790 895
509 512
82 639
114 955
488 806
215 716
288 336
66 906
647 765
585 731
196 385
483 975
157 642
42 45
103 163
223 847
163 589
895 969
440 930
172 667
467 873
342 578
364 692
64 690
183 454
481 778
9 498
18 113
560 638
128 900
434 734
290 554
952 988
595 884
462 711
272 329
348 370
107 756
182 401
258 692
513 996
437 529
709 916
537 698
513 808
603 985
96 271
32 217
590 732
369 641
56 925
152 961
88 717
250 817
229 278
125 145
686 792
457 719
144 651
252 938
764 939
768 845
747 796
431 516
304 835
213 318
651 699
46 699
353 985
110 825
321 579
40 830
387 475
99 421
631 650
62 668
15 969
529 906
95 964
628 742
59 218
12 662
74 843
152 876
266 537
152 490
303 574
49 753
877 931
303 636
319 627
734 881
102 734
109 351
187 486
460 985
356 428
115 550
551 648
683 824
241 760
36 488
850 922
532 625
138 883
348 579
684 831
11 58
44 915
569 981
380 469
105 937
597 903
287 327
113 913
16 913
521 841
477 992
66 515
285 894
838 961
223 718
79 787
88 316
368 993
286 575
647 982
98 329
251 891
230 843
574 592
629 998
277 602
548 740
211 427
270 827
53 949
150 446
117 988
722 797
47 565
594 879
63 681
419 678
179 772
1 750
447 592
587 951
547 854
576 943
27 242
295 408
115 678
108 376
425 672
330 571
243 521
151 329
486 774
633 800
439 710
332 778
266 864
676 906
43 111
597 916
49 898
716 720
59 803
173 808
602 830
752 949
79 580
449 868
368 904
112 261
515 701
160 851
21 37
159 878
610 944
47 797
547 783
550 973
15 130
268 598
193 624
262 337
492 682
573 639
27 752
84 455
54 524
303 782
540 886
717 958
44 480
659 958
599 788
741 785
742 749
435 744
641 956
573 819
57 761
109 549
14 905
646 919
293 596
554 692
88 512
42 368
388 943
805 915
378 396
412 564
83 889
447 647
602 724
395 868
301 657
390 691
546 873
7 729
74 446
354 692
145 735
800 912
106 367
601 990
673 687
69 707
137 807
291 918
777 912
204 372
455 725
463 726
129 284
746 992
302 520
74 121
500 928
72 371
596 604
202 445
311 597
931 946
29 395
51 979
202 613
164 548
478 580
82 554
408 549
369 886
274 535
409 960
338 924
229 742
288 319
99 820
147 428
497 810
439 881
788 926
607 898
63 653
423 546
44 758
543 546
703 944
800 866
323 353
534 927
549 638
688 984
168 858
311 630
446 460
230 880
665 668
914 951
70 398
528 882
210 416
486 874
869 952
510 532
16 653
218 714
135 609
117 289
221 776
482 740
398 939
193 525
350 631
288 643
498 776
223 802
154 311
417 665
46 724
580 892
254 479
383 693
265 966
282 510
75 620
80 239
387 851
515 715
651 873
287 865
323 896
136 723
121 951
139 588
496 741
910 943
2 1000
944 953
764 906
523 822
267 380
173 616
63 116
523 685
562 794
637 827
88 900
47 594
141 499
905 943
407 747
250 808
376 510
56 535
719 879
504 664
920 950
326 613
306 719
642 839
19 538
545 954
624 694
950 994
26 877
371 684
474 634
246 458
184 962
423 910
748 851
314 850
868 944
29 759
165 249
310 946
416 535
108 275
193 779
411 804
103 223
941 988
47 198
557 903
598 668
495 721
158 816
341 519
12 702
324 504
89 1000
546 654
185 727
15 308
543 788
62 852
204 627
133 413
154 763
248 387
708 721
6 202
807 933
392 912
19 148
143 254
81 445
227 755
106 870
295 842
28 921
222 818
125 185
652 814
739 846
558 689
387 474
119 311
206 757
406 640
515 894
322 433
252 720
592 926
164 1000
812 863
785 801
423 862
113 227
830 840
593 669
625 997
726 779
549 928
119 747
745 989
547 640
212 309
36 999
929 945
379 774
625 824
64 456
353 406
273 887
28 698
3 330
49 607
150 787
504 847
276 478
526 938
160 397
709 788
375 734
181 309
378 860
339 660
930 938
336 482
144 796
339 553
79 749
101 885
200 475
210 351
626 940
664 768
283 964
421 704
380 690
592 921
310 776
273 928
235 547
930 972
312 646
552 596
580 780
6 349
332 333
163 407
171 674
352 551
5 144
720 761
696 816
160 446
116 368
397 637
615 852
282 841
105 621
666 873
232 551
158 843
58 278
146 442
702 875
366 505
743 980
312 749
86 829
101 657
954 982
351 680
717 817
139 347
211 738
493 974
313 740
420 688
526 697
600 866
845 987
262 886
290 314
381 934
499 748
256 448
883 934
184 801
735 969
714 811
36 819
38 104
111 553
96 375
190 219
617 963
302 668
538 752
59 352
432 530
107 292
58 240
893 929
63 444
53 428
204 539
366 643
392 623
513 599
208 813
108 399
489 614
585 914
451 557
46 404
170 394
75 532
39 250
404 449
561 664
917 928
466 602
653 916
746 845
391 998
789 965
541 634
647 756
815 838
687 933
155 571
684 954
497 738
148 764
11 677
354 668
208 954
383 628
767 807
70 960
476 547
78 372
373 886
331 975
352 901
449 482
630 652
10 291
296 735
129 263
142 982
123 781
441 981
649 990
9 382
174 606
591 811
442 646
102 261
316 630
178 630
277 992
247 355
36 849
501 977
99 139
217 520
623 672
559 801
183 481
914 925
315 571
279 996
184 277
571 987
31 704
5 688
234 415
306 485
144 283
411 463
304 554
291 484
188 582
221 290
223 693
220 359
795 895
43 905
173 959
286 569
231 453
546 727
413 598
3 255
151 450
602 798
366 718
71 325
213 718
734 947
628 896
403 985
75 339
103 502
266 271
108 582
791 947
643 725
262 515
790 850
139 557
825 980
260 832
183 330
49 590
610 974
262 847
27 727
422 682
522 805
149 904
38 327
163 415
421 518
155 366
170 409
297 734
381 456
94 959
383 796
326 687
21 615
142 491
240 646
823 957
474 672
388 887
726 992
181 598
568 930
379 858
176 381
305 606
34 844
2 446
377 558
7 107
600 844
224 706
172 526
377 598
230 651
63 101
700 744
36 938
229 695
117 670
169 969
11 610
225 686
733 874
164 311
91 682
101 852
473 607
74 651
407 677
42 182
553 1000
462 581
390 709
235 896
16 68
75 754
114 821
235 812
285 816
630 750
137 579
663 682
700 834
367 850
14 108
16 204
300 365
588 792
89 284
267 612
644 771
723 901
364 376
319 336
792 835
518 862
266 359
233 926
699 966
56 592
288 559
254 871
331 421
617 911
624 651
353 888
948 988
38 158
480 780
283 908
425 778
873 966
55 179
171 794
355 477
633 654
190 300
583 589
448 694
131 931
156 932
165 245
88 875
380 873
596 751
623 994
215 643
162 395
146 513
14 196
72 668
290 771
272 704
10 245
194 248
181 198
431 665
192 522
70 480
484 982
341 878
320 459
260 358
229 392
612 764
518 987
146 280
727 820
363 485
811 932
690 723
379 966
971 974
559 659
123 565
595 722
420 666
192 741
634 751
741 948
209 248
232 338
245 247
349 806
244 250
301 747
690 852
247 260
623 666
522 806
682 998
82 611
21 984
194 937
338 556
387 868
61 979
588 979
154 268
255 998
313 972
99 110
31 309
313 539
476 676
12 681
202 812
218 776
207 344
806 837
28 699
277 473
816 946
115 926
27 578
66 533
479 512
443 854
159 525
175 593
103 518
101 550
276 626
126 915
323 746
19 354
363 621
221 890
368 725
649 812
598 817
67 437
549 874
393 802
414 461
309 443
413 474
502 969
700 803
508 936
466 643
451 523
821 903
235 523
708 839
11 237
323 440
210 911
254 916
342 423
448 524
399 492
507 946
1 493
374 583
17 93
429 450
107 290
242 701
148 569
40 719
142 667
227 579
374 774
676 720
543 804
67 974
154 163
150 500
4 636
525 805
905 971
273 498
492 979
72 779
62 254
513 712
434 659
122 411
109 896
132 312
722 858
350 870
486 894
337 358
98 253
518 913
124 869
62 718
728 998
128 769
737 968
100 705
401 814
321 844
573 851
87 500
424 959
52 505
253 978
253 489
646 837
88 120
405 521
194 823
167 382
514 961
58 990
874 993
911 929
27 409
808 839
7 438
202 830
247 535
757 879
153 361
742 904
91 780
226 996
626 643
76 885
183 695
25 871
308 609
641 783
368 693
440 715
148 258
248 651
67 319
465 934
22 236
15 216
200 495
221 421
184 470
621 983
128 276
26 770
354 552
158 612
498 524
123 561
217 882
95 239
90 505
424 909
59 199
40 676
36 319
835 850
119 954
70 848
505 982
495 596
125 756
198 214
86 623
193 817
541 899
13 865
477 559
590 615
28 276
574 827
793 832
217 972
231 801
103 887
251 363
902 974
283 767
98 360
786 799
373 412
51 365
624 769
148 995
112 796
748 750
190 766
712 967
674 764
113 277
428 662
208 213
779 881
512 548
145 795
808 874
2 178
160 864
240 865
611 946
42 608
129 631
3 843
271 879
1 19
230 567
400 811
209 268
117 856
9 481
180 620
583 849
414 914
98 449
52 460
369 593
619 964
93 925
306 938
281 335
64 321
725 849
357 945
38 553
439 973
620 762
19 539
455 844
658 898
265 538
331 529
10 583
248 266
199 473
87 993
571 797
48 121
560 855
100 363
1 332
51 423
134 539
642 765
505 870
88 860
457 948
198 634
507 647
658 659
646 880
128 338
12 300
317 327
336 592
41 261
116 602
77 582
612 678
412 849
16 301
169 257
8 896
479 767
492 559
162 481
676 797
335 551
219 313
248 973
279 496
248 847
317 596
479 889
167 860
11 715
392 752
423 990
211 947
217 745
390 571
880 971
199 926
204 676
306 725
712 829
94 482
272 550
8 881
14 721
64 772
585 1000
185 712
32 925
158 314
564 969
200 775
714 830
52 639
499 647
196 477
352 824
711 835
383 751
22 230
119 191
209 660
428 506
125 551
502 549
544 884
627 879
273 379
79 329
801 819
473 685
554 756
72 762
726 758
367 479
87 577
533 711
243 691
125 982
606 718
259 319
23 521
750 948
205 838
652 736
239 251
261 936
102 158
185 994
560 891
3 713
336 455
95 585
400 633
311 883
422 425
246 957
62 672
71 206
173 647
41 698
361 426
60 946
116 756
134 338
466 877
61 462
16 328
646 943
195 787
374 965
179 220
68 120
326 963
446 513
11 385
814 937
653 959
106 706
165 216
440 758
88 684
625 984
635 692
323 378
61 968
316 520
458 590
127 924
226 586
11 640
174 857
475 921
72 317
146 184
837 866
357 509
217 676
283 850
266 578
489 505
377 947
306 999
369 590
670 992
112 687
190 452
622 692
581 709
150 518
671 767
301 326
255 600
282 924
211 502
470 548
370 733
402 424
242 244
601 794
526 808
94 731
671 832
293 648
174 179
675 830
110 196
397 414
152 831
762 1000
50 252
503 510
157 745
193 577
196 884
95 608
336 830
449 909
19 676
61 94
836 942
419 638
389 932
79 548
77 172
487 893
639 730
500 516
58 548
14 548
178 441
664 824
109 703
773 888
62 925
137 967
604 626
180 353
670 709
64 698
146 590
471 909
375 723
336 816
35 738
807 828
274 774
201 475
221 566
130 952
277 879
51 789
692 862
54 438
134 895
27 130
348 595
616 987
318 590
440 725
378 876
623 754
347 626
574 978
322 469
243 718
561 959
214 887
503 890
451 667
128 607
507 622
80 85
610 929
25 720
785 810
325 700
309 388
172 856
426 563
515 799
311 721
520 534
426 464
202 512
503 531
262 569
749 752
187 655
895 945
386 773
780 912
352 842
734 926
521 755
62 633
46 685
170 978
294 926
603 843
484 596
491 697
183 768
676 706
177 589
59 948
611 650
367 941
397 674
678 694
146 255
70 436
239 897
20 307
320 675
305 743
310 928
910 936
261 645
629 934
862 868
564 717
569 785
338 419
274 595
174 970
235 389
338 814
391 823
709 914
72 240
6 381
219 572
108 281
144 541
255 809
174 798
610 991
23 357
441 556
494 913
172 482
577 798
681 937
44 542
199 760
236 259
375 774
43 588
369 864
273 974
550 933
233 746
155 782
48 63
382 409
371 443
297 799
94 744
124 873
239 944
26 93
187 274
325 572
136 452
371 802
893 937
166 421
260 861
17 499
902 907
735 910
192 478
326 352
586 637
87 181
397 765
130 953
525 702
471 559
351 664
132 477
305 975
474 800
316 476
190 193
188 746
637 881
610 948
136 426
593 774
486 914
165 546
90 943
327 433
157 242
300 646
145 507
361 739
448 854
164 798
173 455
388 674
213 860
626 705
99 155
326 722
290 910
86 235
175 947
115 287
492 660
163 463
270 363
269 421
339 969
563 591
321 618
246 897
219 860
543 743
143 964
221 509
583 985
90 463
428 440
610 794
4 897
755 946
91 375
210 795
840 895
285 347
485 554
2 95
193 266
719 743
205 482
604 969
43 843
239 446
30 840
582 931
4 999
2 48
12 813
153 481
553 861
338 962
465 561
100 999
45 104
464 615
354 761
704 978
658 913
890 907
289 513
162 519
732 745
423 472
428 762
397 496
81 208
73 707
475 637
294 796
31 905
47 581
191 525
76 231
301 669
71 971
456 630
2 743
67 548
266 531
131 777
733 961
12 268
794 961
62 351
56 855
228 539
249 301
505 693
10 941
241 248
133 946
174 427
43 851
708 817
474 584
471 553
35 847
630 779
93 706
166 361
724 872
237 733
214 545
555 868
302 610
135 987
128 619
276 514
213 867
452 760
471 574
169 890
262 877
233 377
85 430
340 652
328 356
365 745
27 339
342 938
503 644
164 525
382 491
596 698
773 828
188 612
157 943
500 996
108 246
270 459
28 151
626 884
271 368
89 141
223 539
465 565
239 622
396 531
99 957
554 753
35 289
401 878
605 709
309 977
537 697
39 178
576 791
183 979
185 674
642 978
684 697
45 891
91 255
135 297
415 819
618 869
360 942
770 873
371 849
313 314
77 266
220 749
63 174
193 348
337 527
305 385
31 842
859 886
659 966
867 983
303 941
439 586
199 233
199 678
110 692
74 851
50 573
511 869
111 286
247 394
394 942
602 851
136 790
321 729
48 140
702 725
221 676
437 629
623 886
945 972
761 891
488 940
63 793
33 168
44 740
436 616
171 884
653 979
418 936
736 742
364 934
699 751
380 421
440 708
144 819
334 415
586 754
50 803
174 247
521 665
314 748
437 704
377 784
534 611
118 569
250 722
243 736
379 702
617 777
155 189
191 366
548 999
506 845
270 391
362 735
602 827
77 658
692 987
262 576
324 522
344 426
26 477
260 402
712 797
487 641
260 632
274 613
163 293
329 514
309 706
555 752
566 835
109 306
234 987
180 781
243 504
614 643
504 840
524 951
456 657
20 388
615 702
125 261
313 745
174 812
583 653
206 748
105 659
269 292
4 673
275 767
17 716
374 651
4 473
777 784
40 510
211 856
82 223
57 121
417 723
11 52
701 980
273 844
381 564
30 237
552 562
22 403
402 465
331 959
329 688
41 135
178 974
226 835
171 365
616 682
469 986
641 688
788 790
409 561
185 609
302 577
65 177
53 249
617 854
26 170
537 653
421 573
84 730
757 922
298 612
332 860
196 306
79 501
13 615
823 868
111 328
335 589
932 957
355 615
57 475
160 576
419 689
88 632
448 455
459 779
503 969
76 927
171 194
460 666
549 691
406 512
785 816
718 868
280 900
561 652
456 614
144 699
108 990
366 590
758 790
463 580
79 670
160 508
629 639
700 736
141 931
557 870
270 779
402 721
218 263
170 402
164 438
534 787
112 762
926 987
286 691
811 912
645 974
554 872
229 968
426 805
95 939
200 543
178 884
223 766
683 891
512 550
420 458
54 393
200 250
371 682
328 879
131 158
680 844
232 954
663 865
673 876
114 448
196 748
4 992
6 910
224 361
741 957
61 468
374 719
418 754
188 844
346 771
319 361
74 490
463 640
753 908
29 380
36 833
142 632
260 665
827 849
508 838
610 989
561 872
613 744
98 513
198 354
48 740
572 695
293 502
857 965
461 882
465 668
34 701
189 984
533 621
268 312
149 749
682 789
558 672
748 882
128 719
57 455
109 424
59 799
577 779
75 805
89 979
670 977
73 986
198 261
364 444
682 739
108 579
227 622
281 361
3 371
508 683
349 379
109 665
902 932
157 370
6 440
456 697
45 959
904 1000
116 948
154 976
144 453
61 438
46 333
747 999
46 942
105 618
74 324
108 776
503 686
10 410
56 311
404 431
84 209
268 320
833 848
544 566
226 469
209 675
148 591
309 919
633 639
354 555
267 323
620 666
371 545
57 610
159 728
445 697
52 774
301 620
3 483
7 862
201 868
551 682
19 571
7 532
939 988
703 737
219 259
499 838
736 851
123 361
66 271
580 615
243 506
51 372
193 523
583 913
109 623
197 721
42 955
557 860
749 813
8 140
416 849
322 979
412 631
439 552
814 994
285 555
734 738
430 808
359 680
12 989
274 923
200 392
111 406
108 144
182 290
366 519
439 777
424 510
337 897
566 717
120 146
884 973
403 560
346 718
327 460
354 468
729 990
391 519
217 242
365 989
693 802
529 738
641 782
336 999
267 803
596 715
532 813
65 514
301 903
53 877
78 360
469 766
103 946
199 369
718 929
106 184
442 581
372 882
368 671
134 167
79 272
581 731
126 425
546 596
67 977
533 566
56 845
29 538
75 340
289 742
217 801
25 645
147 768
139 398
189 510
271 622
585 733
620 951
180 276
37 834
797 889
276 490
542 835
665 772
591 668
462 942
45 375
137 215
26 196
441 575
295 543
106 627
131 771
488 622
478 553
209 768
136 229
595 630
86 518
67 532
182 309
330 539
701 976
185 602
323 769
136 295
320 374
53 554
2 783
630 764
697 858
553 838
187 341
1 706
441 944
690 741
74 902
299 524
83 93
102 224
8 890
417 642
221 457
694 781
68 493
616 885
152 566
60 741
442 571
255 355
131 810
9 868
478 971
81 909
196 526
405 944
74 194
668 679
598 860
467 819
283 770
497 616
305 362
580 836
255 789
749 907
266 554
176 703
94 522
382 803
132 727
600 848
553 595
208 462
496 919
646 969
120 334
510 757
904 958
704 901
749 893
823 989
736 779
225 285
623 729
9 179
226 795
483 509
400 419
128 658
257 816
65 447
880 904
450 687
436 765
86 505
205 710
74 816
116 528
151 979
289 447
268 736
62 503
128 140
595 725
367 592
59 141
31 484
199 916
54 254
834 923
161 574
560 613
397 646
447 520
420 795
217 281
585 792
67 637
508 984
34 883
350 447
658 810
537 857
148 759
163 215
437 722
210 334
91 928
685 716
412 759
423 959
203 656
524 781
692 944
742 870
208 530
502 642
919 944
268 707
359 629
452 662
4 553
222 794
185 631
98 788
543 974
262 358
33 640
718 757
113 544
569 628
291 643
586 944
367 894
296 697
66 513
9 550
652 797
18 66
710 902
144 392
454 462
109 849
20 892
188 461
770 849
76 253
582 588
756 864
375 488
234 938
209 298
52 911
562 686
253 761
156 715
367 788
678 715
164 822
136 564
602 991
610 962
281 877
426 892
95 884
472 477
315 864
104 520
183 955
340 958
607 936
367 598
969 981
625 831
399 551
37 765
560 799
305 595
679 856
279 848
7 747
170 473
617 793
799 901
615 693
15 241
133 180
97 637
725 830
153 194
250 506
517 545
67 797
717 790
250 457
170 377
400 935
453 858
129 139
835 883
143 810
44 651
167 303
953 963
765 861
431 973
36 609
282 840
102 559
818 910
451 502
26 925
34 627
155 158
315 474
629 635
171 894
905 960
24 184
127 470
147 785
281 635
487 664
70 762
71 308
694 934
94 435
300 488
374 421
237 926
115 213
7 745
127 364
308 403
371 548
96 257
104 653
230 902
225 814
64 431
209 720
50 740
92 202
61 745
214 537
714 905
858 865
447 847
699 794
13 828
421 744
708 888
129 987
226 899
534 875
57 859
168 712
803 805
196 701
407 691
58 785
343 933
137 277
194 224
578 936
361 558
142 914
502 903
956 999
420 560
646 981
55 219
289 371
534 620
119 673
374 974
453 755
108 272
19 109
190 564
805 889
453 662
907 950
749 802
594 645
525 776
532 762
647 926
486 541
70 364
310 665
353 606
249 792
301 586
735 913
139 502
53 283
102 946
494 538
52 282
621 973
382 925
753 816
43 605
226 697
85 622
445 742
593 943
204 262
478 907
702 845
31 673
244 646
688 780
947 981
937 991
432 492
529 772
642 738
76 441
405 532
223 270
477 642
42 386
400 481
219 513
37 809
491 918
354 951
571 684
348 613
91 495
88 417
303 377
138 559
343 543
231 935
436 592
71 276
298 893
232 279
24 611
343 514
345 544
8 362
163 339
342 549
200 490
564 741
90 677
127 884
100 129
164 257
450 722
146 292
753 888
45 204
189 622
234 985
425 809
670 681
889 982
349 520
30 362
125 924
590 757
200 395
211 406
302 990
289 919
659 851
413 831
149 351
98 102
120 958
793 923
281 844
311 961
26 194
14 90
450 501
11 516
114 618
941 963
469 911
116 261
425 636
558 826
336 757
43 46
110 605
258 948
557 731
534 789
129 670
522 732
193 428
368 475
77 771
363 862
49 317
16 784
870 872
9 747
115 568
759 956
3 901
247 600
271 336
604 624
264 936
680 897
366 377
230 435
390 705
173 462
387 423
162 273
617 780
710 742
58 733
546 810
51 551
710 754
349 997
188 275
441 538
415 801
753 968
343 692
135 956
517 933
367 872
822 867
638 990
329 378
700 999
419 710
3 145
211 994
128 242
91 558
615 836
594 916
171 800
206 968
659 933
747 816
422 970
487 918
356 672
302 343
315 838
438 492
244 328
601 742
506 982
610 722
124 423
448 874
236 528
282 351
104 139
499 507
98 264
551 755
162 553
49 786
266 410
151 390
274 863
247 364
97 890
114 930
242 825
291 716
356 568
660 880
87 847
874 965
197 694
501 896
290 874
383 646
88 763
723 842
265 696
725 732
296 790
444 913
196 512
717 799
696 979
328 841
424 752
48 511
192 591
451 779
99 846
322 816
462 571
222 688
458 511
675 905
375 810
458 798
65 481
730 998
178 720
158 916
703 728
433 940
526 952
231 246
16 577
432 577
33 478
286 932
369 370
343 747
708 851
441 624
118 519
334 584
126 548
386 692
214 831
173 512
176 930
166 434
359 746
16 607
450 982
160 905
416 813
21 399
484 934
535 793
820 960
30 317
562 822
378 604
272 810
174 546
10 977
294 487
921 950
573 642
475 914
364 403
62 246
208 817
2 153
188 556
732 997
135 213
449 667
170 579
163 712
501 598
379 626
665 916
304 530
23 751
710 752
91 932
575 594
408 846
444 800
307 974
252 991
292 906
69 583
701 846
571 754
662 895
76 194
564 646
455 872
638 973
72 269
333 887
130 227
80 367
676 891
689 987
71 568
178 989
771 784
249 482
39 185
338 584
29 614
360 554
188 385
833 886
291 657
83 599
197 790
99 631
433 769
548 825
239 340
325 802
252 423
126 609
245 903
356 359
529 960
635 681
99 246
2 844
240 446
85 514
318 967
26 293
34 235
427 635
209 945
87 696
600 765
96 912
168 658
392 523
297 934
213 723
369 784
766 984
321 725
444 447
101 182
777 956
117 311
376 567
289 935
416 688
351 926
415 969
846 897
47 404
311 416
678 944
490 838
767 953
30 586
431 548
480 659
622 866
434 791
54 203
370 916
136 528
10 880
403 1000
657 859
312 333
13 117
116 362
141 718
339 699
696 789
260 668
132 902
66 351
548 706
491 939
306 914
56 377
69 568
289 964
7 249
414 957
2 144
427 828
186 220
96 950
434 984
34 142
21 137
48 512
687 944
403 592
191 883
720 1000
156 526
122 255
95 856
170 840
255 968
254 387
373 976
44 902
390 836
618 619
113 492
241 531
181 323
268 891
143 298
266 516
797 906
267 836
614 713
43 522
636 925
99 186
144 309
152 928
135 962
167 802
209 580
665 694
437 514
470 867
324 690
824 990
435 615
474 910
336 587
624 964
683 775
197 326
765 870
313 420
757 925
669 892
438 642
876 997
197 625
772 880
268 276
24 676
75 761
24 789
68 297
342 925
125 600
223 795
159 789
117 261
249 569
225 980
600 759
61 646
62 189
215 218
576 872
316 959
55 373
592 970
220 646
345 406
99 714
185 916
316 885
629 772
799 939
775 851
632 890
25 137
680 693
31 939
49 413
21 794
56 528
120 398
538 675
39 288
197 312
567 632
160 745
541 863
112 987
70 308
695 866
33 307
305 486
478 683
365 413
198 206
160 875
886 895
49 102
281 379
29 451
200 627
40 566
732 917
169 543
760 788
33 227
109 825
514 827
670 990
860 974
58 192
60 672
293 851
98 839
272 778
24 35
114 260
913 995
138 984
42 282
683 845
176 715
182 704
389 815
409 453
440 575
719 794
398 462
531 677
71 619
243 574
643 856
6 301
92 912
96 143
668 714
834 846
63 184
672 945
631 751
593 884
476 568
464 928
185 247
723 863
96 854
59 399
71 897
698 754
207 549
779 882
562 764
4 937
153 403
88 789
38 860
453 860
579 588
255 671
114 366
445 828
641 720
45 155
400 453
24 392
145 191
314 475
10 297
63 641
240 256
380 838
790 833
83 471
181 466
12 859
570 709
131 690
71 965
439 746
80 586
129 667
397 740
802 910
422 545
410 466
629 766
274 937
195 849
438 949
409 990
1 171
211 266
309 498
216 957
499 754
165 241
217 631
150 848
28 45
299 453
247 339
425 611
268 536
360 675
947 958
118 143
229 503
842 879
199 431
46 915
67 99
366 973
265 667
578 910
944 995
57 785
438 850
108 455
267 648
206 338
618 984
512 599
278 549
57 320
654 828
121 653
75 914
144 560
127 774
105 267
525 797
425 881
368 535
830 928
140 421
182 723
101 836
224 770
167 573
153 848
118 276
247 994
379 740
435 507
137 897
377 437
310 865
428 811
328 560
6 589
525 948
227 694
280 492
136 456
301 933
201 595
113 704
414 450
390 658
259 579
358 359
70 972
62 717
717 991
55 589
58 877
135 338
16 721
300 886
334 647
24 803
268 888
474 494
418 803
75 868
463 631
8 355
424 778
7 915
332 649
218 430
671 899
789 842
637 913
75 932
106 691
807 883
47 325
360 397
178 550
323 431
93 385
265 350
222 473
50 377
163 372
298 437
41 972
32 970
53 550
206 985
57 598
280 302
583 671
522 679
199 732
320 509
528 599
510 666
218 442
182 467
654 956
151 989
10 407
499 730
241 755
117 274
4 713
133 553
562 990
519 744
2 57
469 868
801 962
96 622
328 562
139 996
442 754
390 961
28 965
251 449
482 634
87 331
410 891
335 445
426 482
494 584
584 985
256 869
127 159
114 790
300 788
61 192
289 652
141 852
367 660
410 448
280 552
23 93
682 737
12 428
326 774
239 612
275 804
297 986
370 532
506 582
515 868
13 190
61 269
576 732
104 233
610 964
470 596
353 741
229 608
218 812
30 396
124 688
343 761
160 841
1 989
566 716
233 523
430 436
38 336
104 540
30 780
333 417
539 592
793 969
170 543
183 870
211 945
306 684
598 867
465 672
148 550
186 506
273 678
219 991
668 968
226 552
128 265
375 432
863 977
211 500
943 968
523 969
189 878
163 355
3 913
309 841
57 396
112 844
736 784
96 993
787 839
894 947
273 396
492 600
768 826
303 910
561 848
29 895
17 219
405 687
296 595
167 617
467 716
841 976
245 477
372 837
210 471
424 450
5 806
46 909
528 991
764 844
365 417
62 710
130 617
420 434
402 706
44 686
374 517
167 650
145 618
161 545
160 884
489 832
19 515
838 926
884 902
350 808
16 480
10 352
119 494
318 703
30 203
752 919
130 764
284 549
325 724
382 717
665 725
287 819
253 374
421 946
89 462
19 554
536 787
76 336
247 867
84 495
123 732
525 557
269 862
124 740
36 151
510 855
457 521
599 861
484 804
444 889
237 246
292 407
461 886
208 984
516 849
518 553
171 244
137 717
137 163
359 759
200 726
74 265
569 646
318 441
322 459
7 59
345 768
178 757
628 705
488 489
282 654
47 932
4 530
775 997
178 724
352 767
254 583
15 280
80 392
700 833
261 301
344 534
74 238
85 659
759 862
695 785
419 978
885 886
408 423
408 985
169 686
492 742
311 406
621 785
149 858
33 406
346 973
352 745
218 542
248 516
174 515
372 651
140 165
338 587
157 324
173 990
646 767
269 285
40 770
14 542
209 897
315 829
365 426
134 311
243 561
147 302
82 94
46 483
906 977
320 889
274 477
164 457
151 969
940 962
668 878
333 786
546 719
267 651
70 777
708 896
8 86
98 284
307 960
666 770
496 984
323 780
108 984
384 933
50 494
153 828
407 478
59 496
568 702
848 908
202 495
128 776
864 887
306 653
32 301
835 842
29 145
317 977
309 560
35 684
142 770
678 702
386 920
29 940
199 794
287 700
832 942
888 974
431 900
120 708
375 768
240 951
517 804
568 961
22 796
523 850
50 187
242 247
663 665
402 872
226 926
133 951
380 630
214 986
293 644
232 892
197 796
157 538
432 817
49 459
198 889
757 809
903 911
465 613
953 991
42 903
109 134
455 915
556 955
379 804
732 900
234 371
19 514
244 765
121 122
568 815
106 869
28 910
127 690
576 774
246 605
208 425
555 780
531 561
504 929
165 257
100 728
603 919
178 479
635 896
749 922
235 318
562 574
418 724
66 566
321 813
493 923
33 907
843 905
152 240
434 534
398 533
445 722
258 726
34 101
409 924
142 186
970 990
252 312
1 338
575 753
640 777
372 512
385 447
215 543
200 403
414 460
347 378
745 852
464 835
91 504
642 916
66 253
465 885
317 568
136 712
136 488
139 860
26 944
803 988
157 682
268 630
366 974
465 963
705 763
420 729
51 374
698 733
419 863
4 515
74 502
114 932
9 934
497 614
344 710
311 329
55 203
796 983
588 830
525 556
427 609
93 825
405 709
550 797
468 767
703 966
535 899
455 784
413 521
594 827
421 556
432 688
163 561
935 969
220 587
765 939
416 943
286 366
617 878
28 838
510 963
929 936
146 539
686 788
492 589
599 878
242 862
352 953
550 979
138 214
197 309
107 814
910 960
484 521
980 997
1 173
212 590
535 705
233 779
517 796
195 898
563 860
254 938
216 270
558 944
343 677
181 748
105 106
543 553
710 758
136 288
330 629
701 855
309 675
260 591
216 902
49 534
376 847
452 521
389 469
367 973
538 791
586 640
361 741
136 618
338 598
17 879
393 734
40 803
94 561
224 906
245 906
472 669
602 761
328 412
312 351
75 140
376 461
474 639
742 800
311 953
460 917
282 563
249 865
810 973
425 697
333 669
544 918
443 860
137 153
237 994
378 570
524 901
857 944
750 815
14 257
323 423
456 964
415 784
383 616
658 674
541 632
534 547
371 409
203 336
182 310
629 913
298 471
754 876
7 589
252 444
269 493
14 684
414 982
395 979
475 999
31 97
721 959
305 791
37 798
699 879
424 869
238 326
437 782
407 587
46 508
461 721
100 206
545 979
52 424
323 413
232 436
667 844
178 219
475 505
136 512
217 449
375 439
288 583
179 647
730 946
422 637
310 771
442 465
177 713
83 320
76 788
214 565
568 960
419 977
99 456
474 667
182 908
372 769
230 236
464 546
3 360
60 230
395 883
118 383
114 1000
92 537
392 797
54 496
124 148
211 296
47 186
381 964
876 995
354 859
760 909
405 566
864 939
106 317
34 859
166 579
2 301
113 566
238 571
691 781
375 464
373 386
390 531
428 876
765 872
17 609
216 671
208 781
656 704
10 462
363 472
50 427
730 832
119 814
743 910
671 722
368 500
508 709
299 809
175 224
38 539
97 792
9 143
28 962
215 905
514 645
200 374
275 966
461 757
301 706
212 788
174 954
613 932
490 642
903 955
547 996
523 829
56 981
88 578
218 233
628 650
511 884
282 416
309 407
469 808
79 539
234 773
26 899
402 656
720 796
206 692
467 729
55 314
552 877
521 987
119 450
339 668
630 896
246 558
147 681
209 830
324 888
178 315
795 888
153 866
24 834
503 851
540 809
82 321
412 686
92 878
501 664
78 108
221 495
147 803
634 915
150 519
439 782
409 864
715 817
373 688
503 998
396 403
256 458
331 936
72 782
227 602
60 357
642 887
591 836
63 197
57 174
210 793
93 787
35 128
220 884
120 209
332 722
95 372
213 658
110 657
46 344
68 625
46 511
280 566
228 309
788 915
287 600
578 587
187 998
232 646
244 582
48 337
23 190
373 857
404 960
96 723
550 864
289 433
713 744
348 806
193 281
510 881
438 710
311 492
337 878
39 422
499 674
59 639
893 976
629 777
28 678
40 387
477 776
75 551
159 365
629 962
590 947
534 761
438 724
90 616
728 741
607 654
946 964
826 849
260 661
402 685
662 669
103 267
638 902
319 811
295 503
115 790
161 887
98 762
275 897
621 901
928 961
119 511
456 686
871 965
44 502
509 556
546 959
326 437
396 920
44 762
231 259
270 1000
369 804
47 673
208 523
313 564
748 796
206 640
123 698
63 769
495 612
612 717
25 840
192 792
62 214
330 972
162 438
77 961
273 521
522 685
251 843
269 839
923 978
253 700
96 740
567 943
742 835
846 992
199 451
343 991
548 760
515 883
520 721
224 572
360 389
7 814
415 966
312 406
849 894
385 874
406 951
473 521
273 609
245 832
2 191
360 448
863 869
51 595
4 117
260 602
639 930
276 731
409 892
366 514
409 770
592 659
232 796
355 796
564 671
294 535
662 905
187 605
143 978
218 935
486 739
619 980
142 615
66 607
59 789
129 415
499 714
290 396
448 877
783 959
726 798
291 821
324 641
400 501
181 927
812 869
47 601
105 970
119 264
276 597
549 733
644 738
169 366
755 767
101 157
614 999
252 924
564 639
100 770
252 457
105 438
416 705
15 140
103 542
307 494
74 813
88 984
145 265
398 639
366 381
118 223
161 527
49 280
291 530
744 927
241 671
131 309
509 906
198 467
270 371
125 856
662 828
37 889
150 159
582 904
937 996
627 757
4 252
559 871
535 830
251 852
487 903
93 141
106 768
421 944
448 562
190 280
592 708
806 886
465 569
246 280
711 834
492 840
139 535
1 471
431 944
7 463
414 829
249 583
521 913
621 693
228 396
219 748
419 589
234 470
114 964
220 803
148 379
772 786
736 911
542 807
62 939
423 946
815 944
176 658
183 718
222 514
420 626
682 816
198 626
57 445
181 782
164 948
615 773
176 544
238 696
141 563
485 988
563 797
245 996
128 672
225 369
592 678
391 710
546 725
132 403
350 759
98 237
136 145
311 757
60 410
526 936
405 441
305 366
276 336
815 828
353 915
638 711
202 378
279 906
796 852
109 513
324 659
811 905
29 805
630 741
61 137
27 151
366 769
416 864
280 973
345 561
30 36
173 334
106 120
356 362
160 639
527 910
295 713
2 896
18 545
382 785
28 679
434 995
636 751
314 837
212 837
96 626
68 949
491 919
419 806
46 829
434 898
752 804
28 293
272 852
554 886
90 227
309 392
69 525
339 741
174 912
7 8
196 839
27 141
687 761
750 973
41 234
233 827
252 778
199 712
256 836
544 623
76 862
626 642
416 803
231 966
128 405
601 938
322 775
465 478
127 332
202 875
221 666
92 657
237 461
629 994
461 872
176 817
61 598
349 417
659 821
63 351
151 303
127 511
693 921
705 976
697 835
876 948
179 287
193 702
39 765
296 924
644 905
118 942
50 985
316 868
203 648
186 249
55 710
398 966
534 687
40 45
237 975
698 780
877 958
237 896
296 995
244 577
274 460
386 436
13 773
46 568
277 434
152 982
31 217
214 885
731 863
820 912
205 317
136 309
173 833
254 571
5 626
100 547
225 383
358 782
262 583
513 740
415 550
161 192
226 615
252 449
54 712
70 736
42 654
46 762
155 886
357 692
135 399
508 866
111 249
137 199
353 400
439 544
318 821
400 839
553 876
267 694
374 566
88 312
257 913
414 979
190 579
427 801
352 550
492 669
140 313
18 222
127 770
408 960
32 581
207 985
579 856
684 901
297 960
691 783
474 738
311 870
287 313
838 922
154 369
247 498
122 130
631 748
613 876
290 773
296 446
409 724
445 580
606 703
330 742
73 305
294 721
390 657
325 853
42 180
206 623
320 532
611 646
188 561
99 145
403 990
255 743
493 763
325 690
438 803
406 809
144 817
111 731
641 786
129 643
121 181
19 436
271 740
46 732
384 702
450 788
180 283
146 891
219 247
691 712
333 749
141 623
229 816
96 705
560 569
117 513
155 293
190 305
35 419
199 749
142 359
255 864
556 798
109 230
895 898
284 583
217 390
138 406
245 614
138 852
291 558
413 770
14 463
451 733
278 562
406 760
223 595
320 985
409 995
536 691
253 882
109 783
24 186
353 564
63 704
356 772
553 873
230 455
418 808
369 597
292 369
724 892
24 356
164 572
419 980
519 785
308 592
25 551
13 250
776 960
20 548
137 535
372 640
34 290
783 824
43 489
464 713
42 761
385 472
202 986
368 380
549 744
165 817
212 799
211 718
241 970
810 901
701 946
340 521
388 648
302 480
32 169
153 756
159 354
49 759
765 960
31 474
380 929
478 523
573 940
163 740
516 766
37 773
398 889
589 829
509 605
472 658
150 584
347 897
39 328
400 941
91 689
372 547
761 803
331 669
866 931
52 400
134 566
389 621
420 982
374 679
72 620
265 309
387 459
86 218
332 875
343 841
7 484
689 692
15 358
525 870
746 844
313 610
352 844
347 578
48 71
37 580
14 686
206 474
405 611
595 790
493 516
574 923
253 279
439 686
54 457
82 422
306 950
45 379
534 630
710 808
448 474
6 326
56 414
175 178
572 983
418 986
384 394
298 814
162 956
214 568
433 591
125 340
698 983
364 554
322 519
375 407
423 677
342 749
206 899
24 48
227 954
58 533
632 673
350 500
315 549
