500 3810
1 3
1 19
1 64
1 143
1 168
1 228
1 251
1 253
1 262
1 309
1 310
1 316
1 336
1 361
1 370
1 413
1 416
1 436
2 54
2 71
2 137
2 139
2 142
2 157
2 216
2 221
2 223
2 248
2 258
2 299
2 322
2 323
2 361
2 367
2 368
2 412
2 419
2 435
2 454
2 485
3 66
3 83
3 152
3 249
3 254
3 327
3 393
3 405
4 10
4 76
4 108
4 131
4 162
4 168
4 196
4 208
4 227
4 238
4 296
4 303
4 446
4 466
4 494
5 19
5 42
5 76
5 119
5 123
5 130
5 185
5 194
5 213
5 219
5 245
5 268
5 287
5 303
5 307
5 348
5 350
5 410
5 434
5 448
5 482
5 499
6 61
6 90
6 117
6 202
6 326
6 440
6 495
7 26
7 27
7 50
7 54
7 288
7 322
7 328
7 370
7 401
7 425
7 431
7 471
7 483
7 497
8 109
8 125
8 171
8 195
8 263
8 278
8 341
8 382
8 384
8 459
8 495
8 497
9 131
9 143
9 150
9 155
9 196
9 200
9 272
9 298
9 356
9 391
9 400
9 401
9 487
10 22
10 27
10 28
10 114
10 125
10 185
10 219
10 325
10 349
10 401
10 476
11 93
11 135
11 146
11 218
11 293
11 331
11 382
11 388
11 391
11 408
11 418
11 447
11 463
11 481
11 494
11 498
12 26
12 58
12 100
12 134
12 157
12 250
12 285
12 292
12 320
12 351
12 366
12 391
12 482
13 21
13 163
13 181
13 200
13 215
13 342
13 370
13 378
13 412
13 419
13 445
13 469
13 490
14 38
14 42
14 45
14 47
14 50
14 53
14 113
14 148
14 200
14 215
14 299
14 333
14 359
14 383
14 472
15 72
15 79
15 107
15 114
15 180
15 183
15 193
15 223
15 235
15 306
15 344
15 373
15 382
15 412
15 486
15 490
16 77
16 144
16 176
16 186
16 200
16 386
16 391
16 404
16 412
16 438
16 450
16 473
16 485
17 130
17 137
17 161
17 186
17 255
17 309
17 319
17 349
17 478
17 490
18 172
18 176
18 227
18 254
18 269
18 317
18 365
18 461
18 481
18 485
19 34
19 172
19 235
19 242
19 280
19 447
19 463
20 104
20 195
20 206
20 225
20 289
20 292
20 391
20 451
20 452
20 483
20 484
21 35
21 114
21 124
21 126
21 134
21 174
21 207
21 209
21 229
21 237
21 247
21 252
21 275
21 303
21 330
21 332
21 338
21 341
21 375
21 432
21 470
22 47
22 65
22 83
22 91
22 100
22 115
22 190
22 220
22 223
22 241
22 287
22 340
22 352
22 389
22 418
22 422
22 461
23 50
23 62
23 65
23 128
23 222
23 264
23 271
23 335
23 357
23 384
23 389
23 395
23 472
24 32
24 35
24 83
24 95
24 210
24 267
24 268
24 282
24 300
24 365
24 410
24 448
24 453
24 458
24 467
25 30
25 36
25 62
25 104
25 116
25 120
25 137
25 159
25 218
25 236
25 261
25 291
25 311
25 347
25 378
25 495
26 50
26 66
26 72
26 79
26 150
26 200
26 290
26 306
26 320
26 339
26 441
27 60
27 95
27 104
27 111
27 133
27 204
27 215
27 250
27 313
27 343
27 369
27 381
27 435
27 484
28 38
28 42
28 148
28 152
28 253
28 296
28 373
28 382
28 401
28 404
28 442
28 483
29 100
29 158
29 177
29 180
29 192
29 211
29 228
29 255
29 268
29 281
29 322
29 336
29 373
29 377
29 378
29 471
29 472
29 477
29 493
30 85
30 90
30 100
30 137
30 174
30 206
30 223
30 263
30 294
30 318
30 321
30 324
30 463
30 470
30 475
30 494
31 49
31 67
31 106
31 148
31 176
31 205
31 233
31 259
31 339
31 443
31 467
31 474
32 57
32 73
32 128
32 141
32 224
32 240
32 257
32 361
32 362
32 478
33 53
33 55
33 146
33 152
33 162
33 216
33 223
33 244
33 286
33 318
33 366
33 418
33 445
34 39
34 44
34 61
34 96
34 142
34 159
34 175
34 181
34 296
34 305
34 329
34 364
34 365
34 367
34 410
34 454
34 490
35 61
35 79
35 121
35 181
35 226
35 232
35 257
35 277
35 290
35 293
35 307
36 37
36 64
36 76
36 154
36 156
36 199
36 208
36 214
36 279
36 300
36 309
36 314
36 318
36 332
36 423
36 477
36 483
37 83
37 169
37 203
37 257
37 294
37 301
37 330
37 343
37 385
37 408
37 412
37 414
37 428
37 439
37 461
37 473
37 492
38 51
38 137
38 163
38 172
38 293
38 368
38 409
38 423
38 445
38 462
38 493
39 67
39 74
39 119
39 144
39 147
39 167
39 216
39 304
39 410
39 423
39 458
39 488
40 124
40 139
40 149
40 176
40 185
40 198
40 212
40 247
40 294
40 376
40 398
40 434
40 471
40 475
41 53
41 126
41 129
41 139
41 144
41 151
41 165
41 172
41 224
41 229
41 240
41 250
41 267
41 274
41 368
41 376
41 383
41 393
41 427
41 463
42 69
42 143
42 162
42 173
42 215
42 268
42 290
42 291
42 339
42 346
42 392
42 396
42 407
42 440
42 456
42 477
43 51
43 70
43 90
43 100
43 104
43 105
43 242
43 325
43 349
43 357
43 376
43 379
43 389
43 395
43 396
43 436
44 85
44 146
44 171
44 173
44 206
44 235
44 365
44 420
44 447
44 473
44 477
45 57
45 138
45 179
45 230
45 240
45 334
45 348
45 356
45 366
45 396
45 400
45 415
45 462
46 47
46 76
46 106
46 122
46 204
46 222
46 251
46 311
46 335
46 336
46 404
46 407
46 434
46 444
46 450
46 469
47 50
47 92
47 105
47 112
47 116
47 140
47 177
47 180
47 188
47 198
47 227
47 241
47 248
47 253
47 377
47 378
47 452
48 52
48 90
48 153
48 157
48 194
48 312
48 346
48 401
48 409
48 414
48 451
48 474
49 138
49 177
49 244
49 260
49 278
49 283
49 291
49 338
49 413
49 467
49 488
49 495
50 58
50 125
50 164
50 247
50 291
50 345
50 368
50 414
50 488
51 86
51 89
51 124
51 153
51 191
51 207
51 217
51 253
51 291
51 307
51 310
51 314
51 411
51 414
51 450
51 456
51 470
52 61
52 78
52 91
52 102
52 135
52 167
52 187
52 200
52 208
52 315
52 336
52 360
52 424
52 432
53 183
53 237
53 239
53 245
53 261
53 274
53 300
53 302
53 320
53 341
53 366
53 368
53 386
53 393
53 452
53 480
54 127
54 136
54 174
54 205
54 247
54 264
54 266
54 368
54 414
54 449
54 477
55 66
55 146
55 147
55 167
55 184
55 219
55 221
55 263
55 285
55 357
55 362
55 434
55 450
56 60
56 125
56 164
56 168
56 169
56 189
56 205
56 207
56 208
56 294
56 316
56 340
56 359
56 373
56 410
56 446
56 476
57 109
57 143
57 150
57 179
57 191
57 200
57 232
57 270
57 334
57 336
57 385
57 400
57 458
58 64
58 184
58 230
58 263
58 286
58 348
58 376
58 384
58 386
58 410
58 456
59 70
59 161
59 188
59 230
59 244
59 294
59 304
59 315
59 403
59 419
59 420
59 434
59 470
59 471
59 479
59 486
60 85
60 149
60 187
60 279
60 287
60 337
60 376
60 385
60 400
60 401
60 431
60 490
61 81
61 94
61 112
61 217
61 241
61 266
61 293
61 331
61 363
61 403
61 409
62 74
62 172
62 232
62 275
62 304
62 317
62 331
62 340
62 356
62 442
62 446
62 497
63 76
63 80
63 82
63 131
63 142
63 183
63 188
63 268
63 292
63 299
63 304
63 319
63 398
63 427
63 479
64 65
64 140
64 145
64 261
64 275
64 299
64 316
64 323
64 327
64 408
64 426
64 446
64 450
64 454
64 498
65 72
65 98
65 123
65 159
65 185
65 197
65 211
65 235
65 271
65 322
65 328
65 388
65 447
65 477
66 115
66 133
66 134
66 141
66 180
66 199
66 261
66 347
66 351
66 360
66 361
66 404
66 410
66 419
66 466
66 476
66 487
67 70
67 146
67 149
67 157
67 164
67 168
67 176
67 207
67 215
67 276
67 283
67 284
67 300
67 358
67 392
67 400
67 420
67 428
67 433
67 496
68 77
68 83
68 104
68 111
68 158
68 175
68 176
68 187
68 190
68 202
68 308
68 314
68 454
69 79
69 80
69 83
69 96
69 128
69 162
69 167
69 180
69 192
69 203
69 243
69 276
69 291
69 308
69 324
69 381
69 383
69 387
69 389
69 424
69 449
69 474
70 83
70 144
70 148
70 156
70 196
70 238
70 252
70 276
70 335
70 401
70 464
71 181
71 197
71 238
71 286
71 288
71 337
71 381
71 462
72 119
72 140
72 142
72 167
72 258
72 335
72 349
72 356
72 373
72 375
72 378
72 407
72 410
72 448
73 149
73 187
73 211
73 228
73 238
73 241
73 252
73 265
73 302
73 318
73 355
73 380
74 96
74 120
74 138
74 140
74 170
74 216
74 258
74 278
74 292
74 307
74 313
74 365
74 381
74 382
74 403
74 433
74 493
75 85
75 162
75 197
75 210
75 223
75 246
75 257
75 259
75 284
75 292
75 301
75 385
75 397
75 422
76 85
76 88
76 132
76 167
76 183
76 193
76 234
76 280
76 315
76 322
76 349
76 445
77 80
77 91
77 125
77 190
77 206
77 208
77 259
77 275
77 291
77 307
77 369
77 391
77 421
77 465
78 92
78 172
78 227
78 230
78 279
78 299
78 303
78 385
78 420
78 421
78 475
78 487
79 146
79 149
79 182
79 197
79 201
79 210
79 275
79 304
79 363
79 417
79 432
79 458
80 98
80 112
80 113
80 114
80 136
80 152
80 157
80 199
80 203
80 215
80 303
80 332
80 372
80 374
80 438
80 455
80 461
81 115
81 125
81 126
81 131
81 198
81 201
81 205
81 231
81 344
81 347
81 348
81 366
81 375
81 400
81 404
81 427
81 433
81 458
81 473
81 475
82 115
82 116
82 160
82 235
82 259
82 268
82 276
82 317
82 349
82 363
82 377
82 475
82 480
83 146
83 171
83 178
83 196
83 221
83 239
83 267
83 315
83 335
83 352
83 360
83 361
83 420
83 472
83 485
84 131
84 269
84 336
84 341
84 347
84 383
84 420
84 462
84 464
84 488
85 141
85 224
85 243
85 310
85 336
85 367
85 384
85 393
85 408
85 433
85 497
86 133
86 153
86 168
86 188
86 230
86 233
86 256
86 299
86 300
86 304
86 312
86 346
86 351
86 358
86 399
86 433
86 470
86 486
87 97
87 105
87 127
87 167
87 169
87 324
87 343
87 354
87 367
87 406
87 408
88 94
88 106
88 138
88 146
88 202
88 265
88 268
88 342
88 345
88 401
88 408
88 420
88 428
88 451
89 94
89 126
89 168
89 202
89 226
89 295
89 308
89 346
89 392
89 394
89 401
89 457
89 467
90 107
90 173
90 196
90 225
90 238
90 341
90 355
90 362
90 399
90 435
90 483
90 484
91 140
91 189
91 246
91 322
91 382
91 438
92 115
92 132
92 167
92 172
92 174
92 350
92 411
92 427
92 443
92 464
92 488
93 120
93 142
93 171
93 175
93 181
93 205
93 227
93 228
93 358
93 476
93 488
93 494
94 140
94 148
94 163
94 175
94 177
94 186
94 244
94 256
94 257
94 263
94 291
94 331
94 357
94 362
94 393
94 414
94 434
95 171
95 188
95 248
95 262
95 275
95 309
95 459
95 477
96 108
96 124
96 196
96 204
96 224
96 278
96 322
96 351
96 380
96 438
96 448
96 452
96 479
96 490
97 98
97 146
97 158
97 196
97 227
97 429
97 450
97 467
97 470
98 207
98 247
98 411
98 424
99 121
99 168
99 176
99 253
99 331
99 339
99 352
99 372
99 411
99 412
99 417
99 419
99 491
100 142
100 177
100 182
100 183
100 212
100 219
100 236
100 257
100 271
100 337
100 388
100 482
100 486
101 121
101 124
101 195
101 202
101 212
101 310
101 319
101 321
101 433
101 483
102 124
102 128
102 140
102 151
102 163
102 220
102 223
102 348
102 436
103 111
103 174
103 179
103 188
103 189
103 198
103 247
103 291
103 292
103 315
103 317
104 109
104 117
104 173
104 186
104 281
104 299
104 312
104 383
104 402
104 404
104 413
104 431
104 495
104 496
105 198
105 228
105 265
105 274
105 303
105 353
105 372
105 397
105 421
105 481
105 495
106 114
106 131
106 138
106 142
106 143
106 263
106 282
106 301
106 325
106 338
106 362
106 396
106 458
107 198
107 235
107 252
107 352
107 394
107 485
108 114
108 142
108 184
108 186
108 223
108 231
108 256
108 258
108 320
108 393
108 426
108 450
108 469
108 490
109 151
109 272
109 310
109 424
109 446
109 475
109 479
110 117
110 126
110 155
110 158
110 216
110 218
110 279
110 282
110 295
110 299
110 303
110 305
110 354
110 395
110 397
110 403
110 410
110 411
110 448
110 463
110 478
110 498
111 152
111 159
111 172
111 181
111 186
111 279
111 290
111 311
111 346
111 353
111 356
111 357
111 428
111 469
111 484
112 146
112 178
112 224
112 259
112 282
112 304
112 309
112 339
112 351
112 372
112 396
112 410
112 424
112 429
112 464
113 130
113 134
113 162
113 171
113 205
113 206
113 289
113 358
113 444
113 447
114 209
114 219
114 251
114 275
114 281
114 334
114 366
114 372
114 451
114 495
115 153
115 205
115 293
115 331
115 337
115 490
115 493
116 169
116 178
116 185
116 202
116 215
116 257
116 364
116 394
116 447
116 469
117 174
117 209
117 230
117 235
117 256
117 276
117 278
117 283
117 341
117 384
117 397
117 413
117 435
117 443
117 470
118 234
118 249
118 278
118 284
118 412
118 418
118 421
118 430
118 454
119 129
119 142
119 166
119 168
119 169
119 177
119 220
119 254
119 348
119 387
119 389
119 417
119 429
119 464
120 126
120 128
120 191
120 201
120 234
120 239
120 241
120 361
120 386
120 389
120 408
120 431
120 459
120 473
121 135
121 152
121 164
121 213
121 290
121 299
121 348
121 353
121 427
121 495
122 145
122 149
122 179
122 215
122 260
122 280
122 292
122 303
122 405
122 435
122 439
122 458
123 202
123 250
123 254
123 255
123 387
123 424
123 445
123 453
123 460
123 495
124 133
124 142
124 171
124 202
124 206
124 270
124 317
124 340
124 439
124 455
125 136
125 143
125 170
125 172
125 201
125 212
125 217
125 229
125 248
125 283
125 312
125 346
125 393
125 455
125 458
125 471
125 481
126 128
126 174
126 205
126 272
126 350
126 374
126 389
126 414
126 453
126 473
127 151
127 176
127 207
127 268
127 279
127 363
127 391
127 424
127 431
127 471
128 154
128 340
128 357
128 369
128 388
128 444
128 489
129 142
129 171
129 196
129 197
129 199
129 208
129 216
129 245
129 266
129 269
129 325
129 332
129 368
129 370
129 390
129 401
129 433
129 474
130 138
130 160
130 222
130 240
130 261
130 280
130 325
130 370
131 155
131 192
131 212
131 213
131 274
131 288
131 307
131 311
131 316
131 339
131 369
131 449
131 450
131 465
132 149
132 161
132 181
132 273
132 308
132 313
132 333
132 346
132 407
132 410
133 137
133 140
133 202
133 224
133 236
133 334
133 361
133 365
133 419
133 423
133 436
133 446
133 465
134 150
134 151
134 203
134 206
134 253
134 276
134 342
134 344
134 347
134 354
134 357
134 371
134 463
134 467
134 470
134 488
134 491
135 171
135 205
135 234
135 257
135 275
135 291
135 303
135 357
135 416
135 428
135 440
135 461
135 467
135 486
136 139
136 140
136 151
136 173
136 181
136 209
136 236
136 244
136 325
136 337
136 372
136 403
136 414
136 438
136 500
137 187
137 282
137 303
137 397
137 446
137 451
138 149
138 174
138 200
138 202
138 220
138 224
138 231
138 244
138 263
138 288
138 353
138 395
138 422
138 477
139 145
139 167
139 293
139 299
139 306
139 364
139 371
139 392
139 430
139 468
139 487
140 170
140 207
140 227
140 315
140 437
140 446
140 485
141 176
141 184
141 276
141 312
141 318
141 350
141 373
141 420
141 457
141 458
141 461
142 167
142 186
142 196
142 226
142 251
142 255
142 279
142 327
142 340
142 368
142 415
142 422
142 431
143 159
143 254
143 268
143 284
143 293
143 307
143 374
143 428
143 447
143 454
143 490
144 159
144 184
144 198
144 237
144 293
144 297
144 317
144 332
144 347
144 457
144 466
144 489
145 169
145 224
145 275
145 328
145 342
145 366
145 393
145 465
145 474
146 152
146 159
146 178
146 266
146 267
146 360
146 383
146 401
146 422
146 460
147 154
147 223
147 228
147 286
147 331
147 355
147 373
147 435
148 165
148 228
148 230
148 284
148 337
148 363
148 439
148 469
149 263
149 267
149 293
149 306
149 448
149 466
149 472
149 481
150 181
150 234
150 243
150 259
150 339
150 369
150 407
151 157
151 176
151 186
151 197
151 204
151 210
151 221
151 234
151 239
151 292
151 340
151 344
151 345
151 368
151 473
152 291
152 293
152 295
152 329
152 337
152 448
153 232
153 252
153 254
153 323
153 333
153 339
153 381
153 386
153 398
153 433
153 483
154 179
154 208
154 213
154 222
154 246
154 287
154 321
154 341
154 342
154 351
154 459
155 240
155 270
155 288
155 317
155 325
155 329
155 330
155 331
155 364
155 397
155 408
155 493
156 246
156 301
156 362
156 366
156 400
156 406
156 434
157 185
157 196
157 206
157 232
157 245
157 327
157 364
157 440
157 467
157 495
158 168
158 186
158 211
158 213
158 273
158 328
158 377
158 378
158 393
158 416
158 475
158 476
158 479
159 191
159 247
159 338
159 362
159 383
159 398
159 413
159 421
159 475
160 211
160 246
160 253
160 270
160 293
160 348
160 362
160 414
160 415
160 423
160 437
161 162
161 219
161 260
161 262
161 284
161 357
161 399
161 411
161 413
161 428
161 429
162 243
162 311
162 316
162 345
162 364
162 404
162 413
162 472
163 189
163 205
163 228
163 260
163 267
163 291
163 311
163 346
163 350
163 364
163 369
163 402
163 453
163 496
164 190
164 201
164 246
164 300
164 337
164 383
164 444
164 453
164 455
165 177
165 183
165 268
165 293
165 304
165 320
165 332
165 399
165 420
166 167
166 202
166 221
166 250
166 284
166 286
166 316
166 367
166 386
166 398
166 413
166 416
166 495
167 221
167 232
167 275
167 281
167 284
167 296
167 335
167 337
167 355
167 359
167 440
167 446
167 492
168 195
168 199
168 308
168 361
168 380
168 386
168 462
168 465
168 474
169 179
169 204
169 238
169 242
169 256
169 354
169 406
169 408
169 409
169 479
169 483
169 484
170 175
170 204
170 339
170 434
170 449
170 453
170 459
171 180
171 186
171 215
171 240
171 330
171 339
171 345
171 355
171 359
171 444
171 462
171 468
172 174
172 226
172 227
172 291
172 322
172 327
172 344
172 361
172 404
173 178
173 189
173 227
173 244
173 256
173 295
173 296
173 315
173 348
173 353
173 403
173 411
173 412
173 418
173 463
173 493
174 298
174 304
174 309
174 342
174 365
174 402
174 404
174 465
174 466
175 266
175 324
175 441
175 454
176 191
176 272
176 326
176 397
176 439
176 443
176 477
176 479
177 190
177 200
177 249
177 302
177 357
177 366
177 372
177 375
177 395
177 460
177 491
178 217
178 224
178 227
178 248
178 252
178 268
178 304
178 323
178 339
178 358
178 368
178 374
178 402
178 413
178 448
178 449
178 479
178 495
179 180
179 265
179 272
179 288
179 294
179 379
179 396
179 435
179 437
179 461
179 476
179 494
180 196
180 213
180 263
180 324
180 389
180 393
180 410
180 445
180 461
180 483
181 239
181 242
181 251
181 296
181 389
181 418
181 453
181 484
181 487
181 495
182 201
182 208
182 238
182 243
182 324
182 349
182 379
182 406
182 410
182 439
182 440
182 464
182 489
182 494
183 237
183 301
183 305
183 316
183 320
183 324
183 353
183 356
183 415
183 419
183 447
184 308
184 330
184 339
184 388
184 398
184 436
184 438
184 453
184 461
184 496
184 498
185 187
185 205
185 224
185 276
185 279
185 281
185 282
185 298
185 480
186 187
186 313
186 338
186 439
186 459
187 230
187 278
187 319
187 350
187 368
187 404
187 434
187 479
188 207
188 208
188 214
188 217
188 226
188 229
188 235
188 255
188 272
188 274
188 277
188 282
188 363
188 402
188 412
188 432
188 434
189 197
189 219
189 231
189 245
189 300
189 323
189 433
189 434
189 445
189 460
189 461
190 194
190 204
190 225
190 242
190 257
190 265
190 281
190 322
190 331
190 373
190 400
190 407
190 431
190 441
190 450
190 465
190 488
191 211
191 304
191 330
191 377
191 387
191 412
191 418
191 458
191 462
191 491
191 492
192 201
192 234
192 260
192 278
192 296
192 366
192 367
192 371
192 399
193 204
193 271
193 275
193 276
193 298
193 306
193 309
193 324
193 347
193 408
193 448
193 449
193 472
193 486
193 497
194 216
194 272
194 295
194 302
194 318
194 331
194 333
194 341
194 423
194 426
194 458
195 256
195 274
195 285
195 309
195 393
195 399
195 428
195 433
195 475
195 496
196 227
196 251
196 306
196 314
196 324
196 335
196 350
196 365
196 416
196 440
196 471
197 216
197 223
197 310
197 334
197 365
197 367
197 371
197 384
197 398
197 500
198 232
198 280
198 327
198 369
198 405
198 421
198 424
199 263
199 313
199 361
199 366
199 370
199 388
199 416
199 428
199 437
199 477
199 481
199 495
200 226
200 286
200 341
200 351
200 409
200 410
200 428
200 429
200 445
200 467
201 223
201 231
201 246
201 280
201 319
201 333
201 350
201 368
201 380
201 387
201 416
201 470
202 206
202 251
202 290
202 299
202 328
202 342
202 412
202 421
202 487
203 301
203 350
203 412
203 455
203 481
203 489
203 498
204 229
204 237
204 249
204 278
204 281
204 303
204 308
204 360
204 460
204 479
205 219
205 325
205 346
205 414
205 415
205 448
205 465
205 490
206 217
206 219
206 253
206 303
206 341
206 412
206 422
206 456
206 477
206 480
207 313
207 337
207 363
207 375
207 437
207 482
208 239
208 386
208 424
208 439
208 469
209 219
209 291
209 309
209 317
209 332
209 344
209 424
209 438
210 233
210 279
210 343
210 368
210 470
210 484
211 218
211 261
211 279
211 291
211 352
211 445
211 454
212 281
212 282
212 295
212 321
212 351
212 439
212 460
212 488
213 250
213 269
213 328
213 366
213 409
213 463
213 468
213 480
213 484
214 261
214 292
214 295
214 302
214 323
214 332
214 346
214 398
214 404
214 425
214 427
214 469
214 478
215 261
215 311
215 366
215 391
215 447
215 462
215 485
216 394
216 404
216 426
216 445
216 480
216 481
216 487
217 228
217 294
217 321
217 350
217 356
217 382
217 394
217 440
218 258
218 292
218 295
218 305
218 371
218 444
218 448
218 497
219 269
219 273
219 338
219 344
219 429
219 435
219 437
219 461
220 274
220 283
220 345
220 388
220 405
220 414
220 445
221 310
221 348
221 352
221 382
221 388
221 389
221 393
221 412
221 455
222 243
222 312
222 314
222 329
222 372
222 380
222 393
222 426
222 456
222 458
222 498
223 262
223 284
223 317
223 330
223 372
223 386
223 392
223 418
223 481
223 487
224 269
224 288
224 292
224 295
224 331
224 372
224 408
224 422
224 449
224 481
224 498
225 252
225 281
225 313
225 344
225 356
225 380
225 383
225 452
226 244
226 414
226 424
226 450
227 230
227 235
227 262
227 263
227 321
227 377
227 382
227 476
228 262
228 279
228 317
228 333
228 398
228 436
228 467
229 238
229 265
229 310
229 330
229 338
229 423
229 426
229 462
229 484
230 388
230 406
230 437
230 456
230 474
230 483
231 243
231 290
231 306
231 308
231 346
231 370
231 374
231 378
231 402
231 424
231 496
232 309
232 321
232 324
232 337
232 381
232 403
232 485
233 237
233 247
233 282
233 284
233 313
233 328
233 367
233 368
233 373
233 380
233 448
233 490
234 423
234 432
234 464
235 268
235 302
235 312
235 331
235 338
235 349
235 355
235 362
235 365
235 375
235 380
235 480
235 493
236 282
236 460
236 463
236 483
237 331
237 397
237 490
238 310
238 353
238 361
238 372
238 402
238 464
238 477
238 487
238 494
239 252
239 266
239 278
239 294
239 311
239 327
239 332
239 415
239 436
239 450
239 468
239 496
240 253
240 255
240 274
240 286
240 332
240 342
240 349
240 368
240 473
241 294
241 305
241 314
241 332
241 368
241 376
241 384
241 407
241 408
242 276
242 308
242 402
242 437
243 292
243 328
243 343
243 358
243 386
243 419
243 433
243 448
243 455
243 469
243 491
244 277
244 282
244 291
244 336
244 459
245 297
245 325
245 338
245 346
245 362
245 407
245 419
245 421
245 465
246 284
246 286
246 391
246 404
246 421
246 425
246 438
247 262
247 271
247 291
247 306
247 385
247 402
247 426
247 440
247 478
247 485
248 321
248 343
248 364
248 432
248 499
249 280
249 383
249 447
249 491
250 338
250 346
250 429
250 433
250 442
250 448
250 463
251 256
251 295
251 331
251 372
251 393
251 401
251 440
252 325
252 414
252 436
252 445
252 466
252 467
252 482
252 486
253 265
253 352
253 362
253 369
253 372
253 402
253 418
253 455
253 474
254 266
254 314
254 324
254 327
254 332
254 372
254 391
254 460
254 488
255 288
255 303
255 316
255 348
255 384
255 405
255 406
256 271
256 309
256 310
256 358
256 393
256 449
256 467
257 278
257 308
257 351
257 377
257 390
257 420
257 421
257 427
257 440
257 485
258 309
258 318
258 373
258 414
258 462
258 479
258 482
259 287
259 300
259 325
259 334
259 346
259 384
259 394
259 443
259 458
259 471
259 488
260 313
260 316
260 363
260 400
260 428
260 447
260 469
260 473
261 267
261 287
261 318
261 328
261 373
261 400
261 404
261 408
261 423
261 466
262 339
262 379
262 419
262 427
262 441
263 277
263 282
263 284
263 299
263 301
263 352
263 356
263 456
263 470
263 500
264 354
264 455
265 339
265 347
265 354
265 361
265 390
265 478
266 297
266 335
266 478
267 304
267 372
267 383
267 385
267 427
267 441
267 454
267 464
267 472
268 296
268 297
268 309
268 398
268 405
268 408
268 414
268 429
269 346
269 349
269 373
269 404
269 407
269 412
269 413
269 418
269 491
270 336
270 353
270 442
270 460
270 465
270 471
270 478
270 498
271 280
271 290
271 347
271 402
272 325
272 421
272 437
272 466
272 485
272 499
273 306
273 311
273 405
273 415
273 468
273 483
274 345
274 387
274 431
274 434
274 439
274 491
275 301
275 334
275 347
275 354
275 406
275 451
275 455
276 277
276 378
276 431
276 450
277 319
277 341
277 371
277 414
277 442
277 443
278 338
278 382
278 387
279 339
279 361
279 378
279 381
279 385
279 423
279 445
279 472
279 473
280 283
280 300
280 301
280 311
280 321
280 339
280 363
281 331
281 359
281 384
281 430
281 474
281 476
282 294
282 300
282 318
282 354
282 356
282 475
283 338
283 407
283 408
283 488
284 299
284 361
284 399
284 421
284 469
284 478
284 489
285 299
285 304
285 323
285 345
285 347
285 353
285 356
285 389
285 425
285 463
286 290
286 323
286 364
286 373
287 319
287 325
287 348
287 372
287 382
287 398
287 478
287 491
288 331
288 336
288 360
288 381
288 429
288 461
289 315
289 328
289 379
289 384
289 386
289 406
289 412
289 472
289 477
290 315
290 332
290 411
290 455
291 295
291 360
291 392
291 417
291 421
291 459
291 465
291 473
291 500
292 293
292 299
292 320
292 340
292 417
292 418
293 351
293 364
293 381
293 396
293 415
293 458
294 310
294 370
294 445
295 303
295 338
295 414
295 432
295 493
296 316
296 319
296 335
296 369
296 420
297 303
297 307
297 314
297 317
297 372
297 475
298 345
298 355
298 367
298 373
298 433
298 490
298 493
299 381
299 444
299 486
300 386
300 403
301 307
301 322
301 359
301 373
301 418
301 449
302 303
302 347
302 352
302 370
302 382
302 387
302 388
302 440
302 457
303 333
303 436
303 442
303 444
303 469
304 320
304 337
304 355
304 388
304 414
304 488
305 327
305 350
305 413
305 462
305 474
305 493
306 380
306 384
306 400
306 418
306 433
306 461
306 463
306 465
306 488
306 493
307 320
307 335
307 349
307 395
307 431
307 440
307 462
308 309
308 326
308 374
308 419
308 442
308 459
309 325
309 345
309 396
309 430
309 469
309 484
310 314
310 315
310 318
310 323
310 333
310 360
310 423
310 472
310 476
311 320
311 348
311 465
311 469
312 344
312 348
312 383
312 385
312 391
312 455
313 347
313 457
313 468
314 323
314 382
314 393
314 426
314 448
314 456
314 469
314 472
314 486
315 354
315 374
315 390
315 417
315 429
315 475
316 353
316 383
316 408
316 481
317 321
317 337
317 422
317 432
317 437
317 467
317 492
317 499
318 322
318 482
318 494
319 401
320 328
320 336
320 362
320 373
320 386
320 406
320 407
320 436
320 452
320 462
320 495
321 355
321 392
321 402
321 407
322 350
322 355
322 358
322 378
322 417
323 328
323 336
323 443
323 448
323 463
323 479
324 330
324 405
324 463
324 471
324 489
325 334
325 364
325 377
325 423
325 425
325 426
325 437
325 463
325 500
326 332
326 400
326 442
326 472
326 473
327 332
327 335
327 338
327 400
327 418
327 443
327 464
327 493
328 367
328 402
328 407
329 333
329 382
329 404
329 407
329 409
329 427
329 445
329 448
329 467
329 468
329 489
329 492
330 348
330 374
330 375
330 459
330 464
330 496
331 354
331 432
331 443
331 463
331 489
331 494
332 336
332 361
332 367
332 405
332 429
332 442
332 473
332 474
333 385
333 390
333 391
333 425
333 438
333 470
333 500
334 377
334 418
335 338
335 371
335 382
335 435
335 475
335 492
336 399
336 401
336 499
337 362
337 418
337 434
338 442
338 458
339 364
339 394
339 426
339 472
340 353
340 357
340 371
340 428
340 432
340 468
341 357
341 374
341 400
341 431
341 440
341 465
341 477
341 481
342 356
342 372
343 415
343 416
343 428
343 437
343 441
343 465
343 474
344 415
344 417
344 467
345 352
345 353
345 403
346 348
346 385
346 431
346 453
347 361
347 371
347 393
347 418
347 453
348 352
348 366
348 381
348 435
348 460
348 469
349 366
349 399
349 411
349 446
349 472
350 369
350 393
350 400
350 412
350 459
350 467
351 385
351 468
351 499
352 379
352 416
352 465
352 472
352 489
352 499
353 371
353 433
353 452
353 468
354 385
354 423
354 431
354 490
355 390
355 421
355 436
355 450
355 455
355 478
356 357
356 358
356 372
356 385
356 394
356 395
356 418
356 446
357 376
357 384
357 429
357 431
357 473
358 381
358 442
359 367
359 377
359 397
359 435
360 398
360 416
360 433
360 434
360 439
360 454
361 372
361 393
361 397
361 407
361 455
361 462
362 363
362 383
362 386
362 413
362 420
362 458
362 470
363 369
363 392
363 394
363 475
364 463
364 493
365 373
365 484
365 492
366 460
366 478
366 489
367 400
367 411
367 458
367 460
367 483
367 484
367 496
368 379
368 385
368 404
368 444
368 454
368 487
369 375
369 466
369 487
370 425
371 374
371 427
371 436
371 446
371 493
372 437
372 458
373 473
373 482
373 492
374 423
374 429
375 427
375 429
375 493
376 483
377 417
378 383
378 409
378 437
378 497
379 387
379 396
379 405
379 441
379 467
380 401
380 483
380 492
381 424
382 418
382 456
382 467
382 471
383 394
383 458
383 470
384 467
385 487
385 488
386 411
386 431
386 498
386 500
387 406
387 433
387 448
387 486
388 435
388 461
388 491
389 448
389 451
390 407
390 455
391 455
391 460
391 474
391 499
392 403
392 424
392 443
393 425
393 456
393 484
394 451
394 458
394 465
395 402
395 412
395 454
395 471
396 403
396 405
396 481
397 437
397 469
397 474
397 491
398 412
398 414
398 432
398 467
398 474
398 480
399 454
399 496
400 442
400 489
400 496
401 402
401 409
401 428
401 435
401 439
401 449
401 487
402 414
402 415
402 456
402 462
402 490
403 466
404 417
404 419
404 495
405 410
405 415
405 438
405 456
406 437
406 455
406 469
406 475
407 408
407 423
407 438
407 473
408 411
408 435
408 472
408 474
409 440
409 469
410 430
410 449
411 439
411 450
411 475
411 484
412 430
412 454
412 469
413 426
413 435
413 453
413 492
414 453
414 493
415 416
415 423
415 432
415 453
415 487
415 498
416 476
417 419
418 424
418 435
418 444
418 450
418 471
418 484
419 435
420 429
420 448
420 458
420 480
420 485
421 424
421 464
421 478
422 440
422 482
422 486
425 487
426 447
427 432
428 440
428 486
428 493
429 461
429 462
430 441
430 486
431 442
433 499
434 435
434 463
434 469
434 470
434 486
436 454
436 484
436 490
436 497
437 445
438 478
438 486
440 494
441 474
441 481
442 479
442 480
445 460
445 479
446 476
446 489
447 452
447 488
447 498
448 459
448 467
448 472
448 475
448 492
449 485
450 455
450 481
451 452
451 476
451 497
452 458
452 478
452 489
453 454
453 481
454 471
455 500
456 458
456 482
458 472
458 473
458 487
459 494
460 500
461 474
461 480
461 487
462 477
462 498
463 469
464 498
471 474
473 492
473 494
474 493
478 492
480 485
483 487
485 494
490 496
491 493
